$molecule
-2 6
  N   -2.2862296    1.6148837   -1.7119486
  C   -4.3647235   -0.7885545    1.4392739
  H   -4.3071111   -0.2628077    2.4079572
  N   -3.1886117   -1.6218311    1.2498979
  H   -3.4568228   -2.5962568    1.0883671
  C   -5.6025503   -1.7394691    1.4889119
  O   -6.7026290   -1.1863918    1.7269678
  C   -1.9251457   -1.2154244    1.0731415
  O   -1.6281688    0.0182027    1.2799830
  C   -2.3516824    2.6306476   -0.8555585
  C   -3.4007650    3.6924504   -0.9957342
  H   -3.8587264    3.7179001   -1.9912430
  H   -4.1907428    3.5221695   -0.2469329
  H   -2.9351652    4.6645362   -0.7800269
  C   -0.9550981   -2.2110609    0.6823623
  H   -1.2611112   -3.2570762    0.7126953
  C    0.3263590   -1.9003960    0.2829387
  C    1.3344848   -3.0158368    0.0546666
  H    0.8143585   -3.9672310   -0.1218534
  H    1.9342222   -3.1188167    0.9745944
  C    2.2391123   -2.7222094   -1.1381184
  O    1.8283822   -2.8417110   -2.3023783
  N    3.4782280   -2.3181922   -0.8157056
  H    3.7952957   -2.2773010    0.1546606
  C    5.8234534   -1.6823936   -0.8708973
  O    6.8535038   -1.3578497   -1.5086393
  N    2.3142847    2.1376795    0.2062547
  C    2.0329564    1.9678738    1.4951266
  C    3.1033044    2.1131853    2.5393410
  H    2.6303300    2.0625111    3.5275056
  H    3.8389431    1.2977546    2.4531885
  H    3.6418574    3.0670439    2.4424209
  C    3.6251022    2.3670322   -0.3958053
  H    3.4620259    3.0856988   -1.2136204
  H    4.2639514    2.8493135    0.3546578
  C    4.2823699    1.0845736   -0.9140599
  H    5.2941061    1.3525140   -1.2670563
  H    4.4257933    0.3943115   -0.0674874
  C    3.5020373    0.3934827   -2.0369822
  H    2.5277131    0.0711832   -1.6438088
  H    3.2852559    1.1346325   -2.8272104
  C    4.2123797   -0.8003664   -2.6816747
  H    3.5703469   -1.1797274   -3.4911247
  H    5.1687804   -0.4907873   -3.1328017
  C    4.5490005   -1.9665702   -1.7318360
  H    4.7924620   -2.8404049   -2.3647582
  C   -4.6294351    0.7635424   -2.1839948
  H   -5.2124012    1.6245571   -1.8161612
  H   -5.1804162    0.3800388   -3.0590293
  C   -3.2781360    1.2449728   -2.7307203
  H   -3.4239139    2.0966941   -3.4123590
  H   -2.7876642    0.4451540   -3.2991611
  C   -4.5628588   -0.3152657   -1.0872304
  H   -3.6804354   -0.9559469   -1.2497434
  H   -5.4422018   -0.9739039   -1.1811090
  C   -4.5359233    0.2669896    0.3315421
  H   -3.7323393    1.0065878    0.4257450
  H   -5.4872914    0.7853312    0.5308087
  O   -5.3834603   -2.9644847    1.2674419
  O    5.7040927   -1.8091802    0.3825288
  O    0.7901232   -0.6996136    0.0990552
 Fe   -0.2388176    1.0133859    0.1389301
  O   -1.2846750    0.7046454   -1.5174267
  O   -1.5045003    2.6870371    0.0954761
  O    1.2847749    1.9908590   -0.6732766
  O    0.8346762    1.6647038    1.8206020
$end

$rem
BASIS  =  gen
CIS_N_ROOTS  =  100
EXCHANGE  =  CAM-B3LYP
GUI  =  2
JOB_TYPE  =  SP
NTO_PAIRS  =  2
SCF_CONVERGENCE  =  8
SOLVENT_METHOD  =  PCM
UNRESTRICTED  =  1
BASIS GEN
PURECART 11
$end

$pcm
THEORY  CPCM
$end

$solvent
DIELECTRIC  78.39
$end

$van_der_waals
26   2.44
$end

!----------------------------------------------------------------------
! Basis Set Exchange
! Basis set: aug-cc-pVDZ
!----------------------------------------------------------------------

$basis
H     0
S   4   1.00
1.301000D+01           1.968500D-02
1.962000D+00           1.379770D-01
4.446000D-01           4.781480D-01
1.220000D-01           5.012400D-01
S   1   1.00
1.220000D-01           1.000000D+00
S   1   1.00
0.0297400              1.0000000
P   1   1.00
7.270000D-01           1.0000000
P   1   1.00
0.1410000              1.0000000
****
C     0
S   9   1.00
6.665000D+03           6.920000D-04
1.000000D+03           5.329000D-03
2.280000D+02           2.707700D-02
6.471000D+01           1.017180D-01
2.106000D+01           2.747400D-01
7.495000D+00           4.485640D-01
2.797000D+00           2.850740D-01
5.215000D-01           1.520400D-02
1.596000D-01          -3.191000D-03
S   9   1.00
6.665000D+03          -1.460000D-04
1.000000D+03          -1.154000D-03
2.280000D+02          -5.725000D-03
6.471000D+01          -2.331200D-02
2.106000D+01          -6.395500D-02
7.495000D+00          -1.499810D-01
2.797000D+00          -1.272620D-01
5.215000D-01           5.445290D-01
1.596000D-01           5.804960D-01
S   1   1.00
1.596000D-01           1.000000D+00
S   1   1.00
0.0469000              1.0000000
P   4   1.00
9.439000D+00           3.810900D-02
2.002000D+00           2.094800D-01
5.456000D-01           5.085570D-01
1.517000D-01           4.688420D-01
P   1   1.00
1.517000D-01           1.000000D+00
P   1   1.00
0.0404100              1.0000000
D   1   1.00
5.500000D-01           1.0000000
D   1   1.00
0.1510000              1.0000000
****
N     0
S   9   1.00
9.046000D+03           7.000000D-04
1.357000D+03           5.389000D-03
3.093000D+02           2.740600D-02
8.773000D+01           1.032070D-01
2.856000D+01           2.787230D-01
1.021000D+01           4.485400D-01
3.838000D+00           2.782380D-01
7.466000D-01           1.544000D-02
2.248000D-01          -2.864000D-03
S   9   1.00
9.046000D+03          -1.530000D-04
1.357000D+03          -1.208000D-03
3.093000D+02          -5.992000D-03
8.773000D+01          -2.454400D-02
2.856000D+01          -6.745900D-02
1.021000D+01          -1.580780D-01
3.838000D+00          -1.218310D-01
7.466000D-01           5.490030D-01
2.248000D-01           5.788150D-01
S   1   1.00
2.248000D-01           1.000000D+00
S   1   1.00
0.0612400              1.0000000
P   4   1.00
1.355000D+01           3.991900D-02
2.917000D+00           2.171690D-01
7.973000D-01           5.103190D-01
2.185000D-01           4.622140D-01
P   1   1.00
2.185000D-01           1.000000D+00
P   1   1.00
0.0561100              1.0000000
D   1   1.00
8.170000D-01           1.0000000
D   1   1.00
0.2300000              1.0000000
****
O     0
S   9   1.00
1.172000D+04           7.100000D-04
1.759000D+03           5.470000D-03
4.008000D+02           2.783700D-02
1.137000D+02           1.048000D-01
3.703000D+01           2.830620D-01
1.327000D+01           4.487190D-01
5.025000D+00           2.709520D-01
1.013000D+00           1.545800D-02
3.023000D-01          -2.585000D-03
S   9   1.00
1.172000D+04          -1.600000D-04
1.759000D+03          -1.263000D-03
4.008000D+02          -6.267000D-03
1.137000D+02          -2.571600D-02
3.703000D+01          -7.092400D-02
1.327000D+01          -1.654110D-01
5.025000D+00          -1.169550D-01
1.013000D+00           5.573680D-01
3.023000D-01           5.727590D-01
S   1   1.00
3.023000D-01           1.000000D+00
S   1   1.00
0.0789600              1.0000000
P   4   1.00
1.770000D+01           4.301800D-02
3.854000D+00           2.289130D-01
1.046000D+00           5.087280D-01
2.753000D-01           4.605310D-01
P   1   1.00
2.753000D-01           1.000000D+00
P   1   1.00
0.0685600              1.0000000
D   1   1.00
1.185000D+00           1.0000000
D   1   1.00
0.3320000              1.0000000
****
Fe     0
S   20   1.00
4.316265D+06           8.048803D-06
6.463424D+05           6.258306D-05
1.470897D+05           3.290239D-04
4.166152D+04           1.387355D-03
1.359077D+04           5.023256D-03
4.905750D+03           1.610140D-02
1.912746D+03           4.590034D-02
7.926043D+02           1.136154D-01
3.448065D+02           2.283869D-01
1.558999D+02           3.221159D-01
7.223091D+01           2.383661D-01
3.272506D+01           7.404667D-02
1.566762D+01           9.214197D-02
7.503483D+00           9.339790D-02
3.312223D+00           1.573965D-02
1.558471D+00          -4.186682D-04
6.839140D-01           5.376318D-05
1.467570D-01          -3.816654D-05
7.058300D-02           4.319603D-05
3.144900D-02          -3.401019D-06
S   20   1.00
4.316265D+06          -4.155954D-06
6.463424D+05          -3.231401D-05
1.470897D+05          -1.699525D-04
4.166152D+04          -7.171369D-04
1.359077D+04          -2.603625D-03
4.905750D+03          -8.399109D-03
1.912746D+03          -2.434109D-02
7.926043D+02          -6.251948D-02
3.448065D+02          -1.365929D-01
1.558999D+02          -2.312707D-01
7.223091D+01          -2.383734D-01
3.272506D+01           3.123837D-02
1.566762D+01           5.086818D-01
7.503483D+00           4.987695D-01
3.312223D+00           9.033552D-02
1.558471D+00          -6.005337D-03
6.839140D-01           2.312454D-04
1.467570D-01          -5.643680D-04
7.058300D-02           4.992260D-04
3.144900D-02          -1.015293D-04
S   20   1.00
4.316265D+06           9.532178D-07
6.463424D+05           7.414605D-06
1.470897D+05           3.898393D-05
4.166152D+04           1.647152D-04
1.359077D+04           5.985980D-04
4.905750D+03           1.942390D-03
1.912746D+03           5.687237D-03
7.926043D+02           1.501329D-02
3.448065D+02           3.452455D-02
1.558999D+02           6.495820D-02
7.223091D+01           7.716194D-02
3.272506D+01          -1.873411D-02
1.566762D+01          -3.009185D-01
7.503483D+00          -4.554661D-01
3.312223D+00           1.286463D-01
1.558471D+00           7.183316D-01
6.839140D-01           4.051743D-01
1.467570D-01           2.168227D-02
7.058300D-02          -8.343566D-03
3.144900D-02           3.658979D-03
S   20   1.00
4.316265D+06          -2.063008D-07
6.463424D+05          -1.604169D-06
1.470897D+05          -8.438437D-06
4.166152D+04          -3.563151D-05
1.359077D+04          -1.295998D-04
4.905750D+03          -4.201534D-04
1.912746D+03          -1.231954D-03
7.926043D+02          -3.248922D-03
3.448065D+02          -7.493717D-03
1.558999D+02          -1.410102D-02
7.223091D+01          -1.691600D-02
3.272506D+01           4.218996D-03
1.566762D+01           6.833810D-02
7.503483D+00           1.098201D-01
3.312223D+00          -4.009005D-02
1.558471D+00          -2.174739D-01
6.839140D-01          -2.465135D-01
1.467570D-01           2.731435D-01
7.058300D-02           5.748321D-01
3.144900D-02           3.012713D-01
S   20   1.00
4.316265D+06          -4.009367D-07
6.463424D+05          -3.189255D-06
1.470897D+05          -1.623079D-05
4.166152D+04          -7.157920D-05
1.359077D+04          -2.463958D-04
4.905750D+03          -8.544907D-04
1.912746D+03          -2.307593D-03
7.926043D+02          -6.728292D-03
3.448065D+02          -1.366165D-02
1.558999D+02          -3.062240D-02
7.223091D+01          -2.631137D-02
3.272506D+01          -9.760183D-03
1.566762D+01           1.801906D-01
7.503483D+00           1.529634D-01
3.312223D+00           5.505413D-02
1.558471D+00          -9.551364D-01
6.839140D-01           2.586813D-01
1.467570D-01           1.834049D+00
7.058300D-02          -9.333240D-01
3.144900D-02          -6.981605D-01
S   1   1.00
3.144900D-02           1.000000D+00
S   1   1.00
1.401000D-02           1.000000D+00
P   16   1.00
1.774569D+04           4.100000D-05
4.200721D+03           3.690000D-04
1.364429D+03           2.129000D-03
5.220806D+02           9.369000D-03
2.214595D+02           3.309700D-02
1.009096D+02           9.443100D-02
4.840115D+01           2.080770D-01
2.398536D+01           3.323330D-01
1.218250D+01           3.329870D-01
6.242298D+00           1.568430D-01
3.110944D+00           2.154900D-02
1.509958D+00          -2.095000D-03
7.108450D-01          -1.739000D-03
2.731900D-01          -3.000000D-04
1.042330D-01           2.900000D-05
3.829100D-02          -1.100000D-05
P   16   1.00
1.774569D+04          -1.500000D-05
4.200721D+03          -1.300000D-04
1.364429D+03          -7.510000D-04
5.220806D+02          -3.329000D-03
2.214595D+02          -1.191200D-02
1.009096D+02          -3.493300D-02
4.840115D+01          -7.998900D-02
2.398536D+01          -1.346360D-01
1.218250D+01          -1.385980D-01
6.242298D+00           3.027800D-02
3.110944D+00           3.332160D-01
1.509958D+00           4.561530D-01
7.108450D-01           2.850510D-01
2.731900D-01           4.614400D-02
1.042330D-01          -3.249000D-03
3.829100D-02           1.357000D-03
P   16   1.00
1.774569D+04           5.000000D-06
4.200721D+03           4.200000D-05
1.364429D+03           2.410000D-04
5.220806D+02           1.085000D-03
2.214595D+02           3.831000D-03
1.009096D+02           1.142300D-02
4.840115D+01           2.579200D-02
2.398536D+01           4.481800D-02
1.218250D+01           4.459800D-02
6.242298D+00          -1.117700D-02
3.110944D+00          -1.381340D-01
1.509958D+00          -1.882850D-01
7.108450D-01          -1.073990D-01
2.731900D-01           4.448630D-01
1.042330D-01           6.402390D-01
3.829100D-02           6.445700D-02
P   16   1.00
1.774569D+04           3.000000D-06
4.200721D+03           2.900000D-05
1.364429D+03           1.650000D-04
5.220806D+02           7.340000D-04
2.214595D+02           2.626000D-03
1.009096D+02           7.725000D-03
4.840115D+01           1.773300D-02
2.398536D+01           3.005500D-02
1.218250D+01           3.109400D-02
6.242298D+00          -1.004800D-02
3.110944D+00          -8.830600D-02
1.509958D+00          -1.298240D-01
7.108450D-01          -7.693700D-02
2.731900D-01           2.126610D-01
1.042330D-01           5.730610D-01
3.829100D-02           3.696510D-01
P   1   1.00
3.829100D-02           1.000000D+00
P   1   1.00
1.407000D-02           1.000000D+00
D   8   1.00
1.133440D+02           3.530000D-03
3.364140D+01           2.578400D-02
1.233100D+01           9.911900D-02
4.994780D+00           2.390730D-01
2.072800D+00           3.571990D-01
8.307530D-01           3.621880D-01
3.091780D-01           2.364610D-01
1.001300D-01           6.011800D-02
D   8   1.00
1.133440D+02          -3.890000D-03
3.364140D+01          -2.844200D-02
1.233100D+01          -1.124290D-01
4.994780D+00          -2.742570D-01
2.072800D+00          -3.155460D-01
8.307530D-01           5.710900D-02
3.091780D-01           5.636040D-01
1.001300D-01           3.846370D-01
D   1   1.00
1.001300D-01           1.000000D+00
D   1   1.00
3.243000D-02           1.000000D+00
F   2   1.00
3.224300D+00           4.222490D-01
7.758000D-01           7.714680D-01
F   1   1.00
2.749000D-01           1.000000D+00
****
$end


