$molecule
-3 6
  N   -2.4262102    2.5604723   -0.8388025
  C   -4.3697264   -2.3336989   -0.1243507
  H   -4.9163457   -2.9093987    0.6470413
  N   -2.9499868   -2.3379094    0.2046549
  H   -2.4124937   -2.8745561   -0.4769806
  C   -4.5455961   -3.0993934   -1.4737688
  O   -5.7154687   -3.1484993   -1.9280402
  C   -2.4071864   -1.9391830    1.3721450
  O   -3.0622167   -1.3505365    2.2496255
  C   -2.0260630    3.5569212   -0.0511169
  C   -2.8224130    4.8326616    0.0355603
  H   -2.9682921    5.2877820   -0.9554896
  H   -3.8154730    4.6506223    0.4749855
  H   -2.2735848    5.5343202    0.6753001
  C   -0.9430901   -2.2984130    1.5792450
  H   -0.5813581   -2.9897818    0.8076472
  H   -0.8907196   -2.8071863    2.5541622
  C    0.0248566   -1.0904764    1.6136425
  C   -0.4023025   -0.0945765    2.7302256
  C    1.4595839   -1.5656434    1.9909156
  H    1.4140664   -2.2467807    2.8538641
  H    2.0406134   -0.6806518    2.2864484
  C    2.1625088   -2.2635353    0.8394093
  O    1.7302344   -3.3027351    0.3116678
  N    3.2951585   -1.6595203    0.4289569
  H    3.7112878   -0.9028188    0.9688634
  C    5.5855270   -1.5076207   -0.4073526
  O    6.4751314   -1.8720256   -1.2109804
  N    2.3914871    2.0758288   -0.9324525
  C    2.7142644    2.1492393    0.3542508
  C    4.1437604    2.3318265    0.7774986
  H    4.1514166    2.7719598    1.7833001
  H    4.6598169    1.3558948    0.8110818
  H    4.6994620    2.9843751    0.0899630
  C    3.3172906    1.9925213   -2.0649954
  H    2.7035038    2.2093245   -2.9495150
  H    4.0716868    2.7879089   -1.9726642
  C    3.9927289    0.6221881   -2.1631300
  H    4.6786713    0.6320796   -3.0287325
  H    4.6205966    0.4922398   -1.2721198
  C    3.0007509   -0.5398420   -2.2649117
  H    2.2018479   -0.3838117   -1.5239185
  H    2.5126842   -0.5208691   -3.2557272
  C    3.6132403   -1.9260634   -2.0320803
  H    2.8324926   -2.6821713   -2.2133668
  H    4.4345799   -2.1257699   -2.7395310
  C    4.1798414   -2.1519367   -0.6100848
  H    4.3115437   -3.2410287   -0.4841466
  C   -4.6661962    1.4818041   -0.9598821
  H   -4.7163975    1.7087111    0.1202045
  H   -5.6686564    1.6954810   -1.3701588
  C   -3.6718365    2.4648034   -1.5943758
  H   -4.1047336    3.4700505   -1.6521166
  H   -3.4091848    2.1495764   -2.6177236
  C   -4.3069943    0.0039695   -1.1649159
  H   -3.2225310   -0.1024074   -1.0432693
  H   -4.5450688   -0.2942986   -2.2020456
  C   -4.9985800   -0.9313343   -0.1757820
  H   -4.9406598   -0.4949368    0.8330492
  H   -6.0630384   -1.0627410   -0.4265266
  O   -3.5035423   -3.6032774   -1.9812468
  O    5.7053501   -0.6821135    0.5482107
  O    0.0656825   -0.4509090    0.3732389
 Fe   -0.0829581    1.4589670    0.3683627
  O   -0.6582137    1.1066293    2.3136245
  O   -1.6709869    1.4268675   -0.8297078
  O   -0.9580370    3.4058589    0.6257068
  O    1.0734615    1.8875961   -1.2350858
  O   -0.4246347   -0.4524129    3.9146550
  O    1.7841578    2.0491767    1.2237764
$end

$rem
BASIS  =  gen
CIS_N_ROOTS  =  100
EXCHANGE  =  CAM-B3LYP
GUI  =  2
JOB_TYPE  =  SP
NTO_PAIRS  =  2
SCF_CONVERGENCE  =  8
SOLVENT_METHOD  =  PCM
UNRESTRICTED  =  1
BASIS GEN
PURECART 11
$end

$pcm
THEORY  CPCM
$end

$solvent
DIELECTRIC  78.39
$end

$van_der_waals
26   2.44
$end

!----------------------------------------------------------------------
! Basis Set Exchange
! Basis set: aug-cc-pVDZ
!----------------------------------------------------------------------

$basis
H     0
S   4   1.00
1.301000D+01           1.968500D-02
1.962000D+00           1.379770D-01
4.446000D-01           4.781480D-01
1.220000D-01           5.012400D-01
S   1   1.00
1.220000D-01           1.000000D+00
S   1   1.00
0.0297400              1.0000000
P   1   1.00
7.270000D-01           1.0000000
P   1   1.00
0.1410000              1.0000000
****
C     0
S   9   1.00
6.665000D+03           6.920000D-04
1.000000D+03           5.329000D-03
2.280000D+02           2.707700D-02
6.471000D+01           1.017180D-01
2.106000D+01           2.747400D-01
7.495000D+00           4.485640D-01
2.797000D+00           2.850740D-01
5.215000D-01           1.520400D-02
1.596000D-01          -3.191000D-03
S   9   1.00
6.665000D+03          -1.460000D-04
1.000000D+03          -1.154000D-03
2.280000D+02          -5.725000D-03
6.471000D+01          -2.331200D-02
2.106000D+01          -6.395500D-02
7.495000D+00          -1.499810D-01
2.797000D+00          -1.272620D-01
5.215000D-01           5.445290D-01
1.596000D-01           5.804960D-01
S   1   1.00
1.596000D-01           1.000000D+00
S   1   1.00
0.0469000              1.0000000
P   4   1.00
9.439000D+00           3.810900D-02
2.002000D+00           2.094800D-01
5.456000D-01           5.085570D-01
1.517000D-01           4.688420D-01
P   1   1.00
1.517000D-01           1.000000D+00
P   1   1.00
0.0404100              1.0000000
D   1   1.00
5.500000D-01           1.0000000
D   1   1.00
0.1510000              1.0000000
****
N     0
S   9   1.00
9.046000D+03           7.000000D-04
1.357000D+03           5.389000D-03
3.093000D+02           2.740600D-02
8.773000D+01           1.032070D-01
2.856000D+01           2.787230D-01
1.021000D+01           4.485400D-01
3.838000D+00           2.782380D-01
7.466000D-01           1.544000D-02
2.248000D-01          -2.864000D-03
S   9   1.00
9.046000D+03          -1.530000D-04
1.357000D+03          -1.208000D-03
3.093000D+02          -5.992000D-03
8.773000D+01          -2.454400D-02
2.856000D+01          -6.745900D-02
1.021000D+01          -1.580780D-01
3.838000D+00          -1.218310D-01
7.466000D-01           5.490030D-01
2.248000D-01           5.788150D-01
S   1   1.00
2.248000D-01           1.000000D+00
S   1   1.00
0.0612400              1.0000000
P   4   1.00
1.355000D+01           3.991900D-02
2.917000D+00           2.171690D-01
7.973000D-01           5.103190D-01
2.185000D-01           4.622140D-01
P   1   1.00
2.185000D-01           1.000000D+00
P   1   1.00
0.0561100              1.0000000
D   1   1.00
8.170000D-01           1.0000000
D   1   1.00
0.2300000              1.0000000
****
O     0
S   9   1.00
1.172000D+04           7.100000D-04
1.759000D+03           5.470000D-03
4.008000D+02           2.783700D-02
1.137000D+02           1.048000D-01
3.703000D+01           2.830620D-01
1.327000D+01           4.487190D-01
5.025000D+00           2.709520D-01
1.013000D+00           1.545800D-02
3.023000D-01          -2.585000D-03
S   9   1.00
1.172000D+04          -1.600000D-04
1.759000D+03          -1.263000D-03
4.008000D+02          -6.267000D-03
1.137000D+02          -2.571600D-02
3.703000D+01          -7.092400D-02
1.327000D+01          -1.654110D-01
5.025000D+00          -1.169550D-01
1.013000D+00           5.573680D-01
3.023000D-01           5.727590D-01
S   1   1.00
3.023000D-01           1.000000D+00
S   1   1.00
0.0789600              1.0000000
P   4   1.00
1.770000D+01           4.301800D-02
3.854000D+00           2.289130D-01
1.046000D+00           5.087280D-01
2.753000D-01           4.605310D-01
P   1   1.00
2.753000D-01           1.000000D+00
P   1   1.00
0.0685600              1.0000000
D   1   1.00
1.185000D+00           1.0000000
D   1   1.00
0.3320000              1.0000000
****
Fe     0
S   20   1.00
4.316265D+06           8.048803D-06
6.463424D+05           6.258306D-05
1.470897D+05           3.290239D-04
4.166152D+04           1.387355D-03
1.359077D+04           5.023256D-03
4.905750D+03           1.610140D-02
1.912746D+03           4.590034D-02
7.926043D+02           1.136154D-01
3.448065D+02           2.283869D-01
1.558999D+02           3.221159D-01
7.223091D+01           2.383661D-01
3.272506D+01           7.404667D-02
1.566762D+01           9.214197D-02
7.503483D+00           9.339790D-02
3.312223D+00           1.573965D-02
1.558471D+00          -4.186682D-04
6.839140D-01           5.376318D-05
1.467570D-01          -3.816654D-05
7.058300D-02           4.319603D-05
3.144900D-02          -3.401019D-06
S   20   1.00
4.316265D+06          -4.155954D-06
6.463424D+05          -3.231401D-05
1.470897D+05          -1.699525D-04
4.166152D+04          -7.171369D-04
1.359077D+04          -2.603625D-03
4.905750D+03          -8.399109D-03
1.912746D+03          -2.434109D-02
7.926043D+02          -6.251948D-02
3.448065D+02          -1.365929D-01
1.558999D+02          -2.312707D-01
7.223091D+01          -2.383734D-01
3.272506D+01           3.123837D-02
1.566762D+01           5.086818D-01
7.503483D+00           4.987695D-01
3.312223D+00           9.033552D-02
1.558471D+00          -6.005337D-03
6.839140D-01           2.312454D-04
1.467570D-01          -5.643680D-04
7.058300D-02           4.992260D-04
3.144900D-02          -1.015293D-04
S   20   1.00
4.316265D+06           9.532178D-07
6.463424D+05           7.414605D-06
1.470897D+05           3.898393D-05
4.166152D+04           1.647152D-04
1.359077D+04           5.985980D-04
4.905750D+03           1.942390D-03
1.912746D+03           5.687237D-03
7.926043D+02           1.501329D-02
3.448065D+02           3.452455D-02
1.558999D+02           6.495820D-02
7.223091D+01           7.716194D-02
3.272506D+01          -1.873411D-02
1.566762D+01          -3.009185D-01
7.503483D+00          -4.554661D-01
3.312223D+00           1.286463D-01
1.558471D+00           7.183316D-01
6.839140D-01           4.051743D-01
1.467570D-01           2.168227D-02
7.058300D-02          -8.343566D-03
3.144900D-02           3.658979D-03
S   20   1.00
4.316265D+06          -2.063008D-07
6.463424D+05          -1.604169D-06
1.470897D+05          -8.438437D-06
4.166152D+04          -3.563151D-05
1.359077D+04          -1.295998D-04
4.905750D+03          -4.201534D-04
1.912746D+03          -1.231954D-03
7.926043D+02          -3.248922D-03
3.448065D+02          -7.493717D-03
1.558999D+02          -1.410102D-02
7.223091D+01          -1.691600D-02
3.272506D+01           4.218996D-03
1.566762D+01           6.833810D-02
7.503483D+00           1.098201D-01
3.312223D+00          -4.009005D-02
1.558471D+00          -2.174739D-01
6.839140D-01          -2.465135D-01
1.467570D-01           2.731435D-01
7.058300D-02           5.748321D-01
3.144900D-02           3.012713D-01
S   20   1.00
4.316265D+06          -4.009367D-07
6.463424D+05          -3.189255D-06
1.470897D+05          -1.623079D-05
4.166152D+04          -7.157920D-05
1.359077D+04          -2.463958D-04
4.905750D+03          -8.544907D-04
1.912746D+03          -2.307593D-03
7.926043D+02          -6.728292D-03
3.448065D+02          -1.366165D-02
1.558999D+02          -3.062240D-02
7.223091D+01          -2.631137D-02
3.272506D+01          -9.760183D-03
1.566762D+01           1.801906D-01
7.503483D+00           1.529634D-01
3.312223D+00           5.505413D-02
1.558471D+00          -9.551364D-01
6.839140D-01           2.586813D-01
1.467570D-01           1.834049D+00
7.058300D-02          -9.333240D-01
3.144900D-02          -6.981605D-01
S   1   1.00
3.144900D-02           1.000000D+00
S   1   1.00
1.401000D-02           1.000000D+00
P   16   1.00
1.774569D+04           4.100000D-05
4.200721D+03           3.690000D-04
1.364429D+03           2.129000D-03
5.220806D+02           9.369000D-03
2.214595D+02           3.309700D-02
1.009096D+02           9.443100D-02
4.840115D+01           2.080770D-01
2.398536D+01           3.323330D-01
1.218250D+01           3.329870D-01
6.242298D+00           1.568430D-01
3.110944D+00           2.154900D-02
1.509958D+00          -2.095000D-03
7.108450D-01          -1.739000D-03
2.731900D-01          -3.000000D-04
1.042330D-01           2.900000D-05
3.829100D-02          -1.100000D-05
P   16   1.00
1.774569D+04          -1.500000D-05
4.200721D+03          -1.300000D-04
1.364429D+03          -7.510000D-04
5.220806D+02          -3.329000D-03
2.214595D+02          -1.191200D-02
1.009096D+02          -3.493300D-02
4.840115D+01          -7.998900D-02
2.398536D+01          -1.346360D-01
1.218250D+01          -1.385980D-01
6.242298D+00           3.027800D-02
3.110944D+00           3.332160D-01
1.509958D+00           4.561530D-01
7.108450D-01           2.850510D-01
2.731900D-01           4.614400D-02
1.042330D-01          -3.249000D-03
3.829100D-02           1.357000D-03
P   16   1.00
1.774569D+04           5.000000D-06
4.200721D+03           4.200000D-05
1.364429D+03           2.410000D-04
5.220806D+02           1.085000D-03
2.214595D+02           3.831000D-03
1.009096D+02           1.142300D-02
4.840115D+01           2.579200D-02
2.398536D+01           4.481800D-02
1.218250D+01           4.459800D-02
6.242298D+00          -1.117700D-02
3.110944D+00          -1.381340D-01
1.509958D+00          -1.882850D-01
7.108450D-01          -1.073990D-01
2.731900D-01           4.448630D-01
1.042330D-01           6.402390D-01
3.829100D-02           6.445700D-02
P   16   1.00
1.774569D+04           3.000000D-06
4.200721D+03           2.900000D-05
1.364429D+03           1.650000D-04
5.220806D+02           7.340000D-04
2.214595D+02           2.626000D-03
1.009096D+02           7.725000D-03
4.840115D+01           1.773300D-02
2.398536D+01           3.005500D-02
1.218250D+01           3.109400D-02
6.242298D+00          -1.004800D-02
3.110944D+00          -8.830600D-02
1.509958D+00          -1.298240D-01
7.108450D-01          -7.693700D-02
2.731900D-01           2.126610D-01
1.042330D-01           5.730610D-01
3.829100D-02           3.696510D-01
P   1   1.00
3.829100D-02           1.000000D+00
P   1   1.00
1.407000D-02           1.000000D+00
D   8   1.00
1.133440D+02           3.530000D-03
3.364140D+01           2.578400D-02
1.233100D+01           9.911900D-02
4.994780D+00           2.390730D-01
2.072800D+00           3.571990D-01
8.307530D-01           3.621880D-01
3.091780D-01           2.364610D-01
1.001300D-01           6.011800D-02
D   8   1.00
1.133440D+02          -3.890000D-03
3.364140D+01          -2.844200D-02
1.233100D+01          -1.124290D-01
4.994780D+00          -2.742570D-01
2.072800D+00          -3.155460D-01
8.307530D-01           5.710900D-02
3.091780D-01           5.636040D-01
1.001300D-01           3.846370D-01
D   1   1.00
1.001300D-01           1.000000D+00
D   1   1.00
3.243000D-02           1.000000D+00
F   2   1.00
3.224300D+00           4.222490D-01
7.758000D-01           7.714680D-01
F   1   1.00
2.749000D-01           1.000000D+00
****
$end
