$molecule
-3 6
  C   -1.1849119    1.7819306   -1.8843326
  C   -4.3787560   -2.0292120    0.2785619
  H   -5.0704015   -2.5999664    0.9263630
  N   -3.0181787   -2.1944850    0.7667202
  H   -2.4346101   -2.6758162    0.0759945
  C   -4.4373766   -2.6635966   -1.1469127
  O   -5.5534596   -2.6041225   -1.7270981
  C   -2.5425591   -1.8389608    1.9765511
  O   -3.2326218   -1.2509446    2.8335959
  N   -1.9687464    2.3820601   -0.9893650
  C   -1.0961519   -2.2206358    2.2426309
  H   -0.7875510   -3.0618914    1.6030573
  H   -1.0242055   -2.5296583    3.2954214
  C   -0.1015921   -1.0604248    2.0122789
  C   -0.2564878    0.0645046    3.0772000
  C    1.3541578   -1.5956503    2.2352644
  H    1.3814015   -2.1778116    3.1674977
  H    2.0156106   -0.7226848    2.3450657
  C    1.9026363   -2.4701685    1.1117811
  O    1.8364723   -3.7170175    1.1415574
  N    2.4769768   -1.7628546    0.1192333
  H    2.4502593   -0.7389651    0.2321568
  C    4.8780164   -2.0704998   -0.5239592
  O    5.7021906   -2.4529058   -1.4021365
  C    2.3790086    3.0584140   -0.1983031
  N    2.8992132    1.8319812   -0.1153049
  C    4.1227867    1.2642102   -0.6978239
  H    4.4124582    0.4449605   -0.0227574
  H    4.9095359    2.0305675   -0.6605114
  C    3.1256878    4.1698644   -0.8760533
  H    3.1737386    5.0305733   -0.1919839
  H    4.1408923    3.8899917   -1.1806353
  C    3.9450307    0.7697212   -2.1442610
  H    3.7920474    1.6617660   -2.7760172
  H    4.9073489    0.3264515   -2.4553775
  C    2.7847355   -0.2106835   -2.4239809
  H    1.9101306    0.0828020   -1.8237558
  H    2.4815242   -0.0500452   -3.4734842
  C    3.0366699   -1.7261836   -2.2907757
  H    2.1263299   -2.2296843   -2.6620404
  H    3.8694934   -2.0291405   -2.9457197
  C    3.3681053   -2.2875613   -0.8945258
  H    3.2149504   -3.3784840   -0.9218099
  C   -4.2870271    1.8273613   -0.3681381
  H   -4.1835279    2.0576637    0.7047967
  H   -5.3288846    2.0589569   -0.6498605
  C   -1.5678440    1.6905665   -3.3351046
  H   -2.0994247    2.5832742   -3.6895185
  H   -0.6461785    1.5612704   -3.9173088
  C   -3.9766821    0.3463832   -0.5915190
  H   -2.9228386    0.1638275   -0.3209705
  H   -4.0871826    0.0911075   -1.6613989
  C   -4.8602562   -0.5685744    0.2560947
  H   -4.8852956   -0.1942052    1.2916116
  H   -5.8913028   -0.5780619   -0.1326516
  O   -3.3625867   -3.1701586   -1.5898867
  O    5.1427190   -1.5549902    0.6003827
  O   -0.2598391   -0.5187900    0.7364151
 Fe    0.1555953    1.3541029    0.5993932
  O   -0.1557053    1.2757157    2.5896008
  O   -0.0812912    1.2783441   -1.4816019
  O   -1.5562550    2.3680914    0.3111228
  O    1.2232284    3.2593969    0.3043976
  O   -0.3760529   -0.1933324    4.2814547
  O    2.1086249    0.9127167    0.5103063
  H   -2.2115845    0.8112107   -3.5004775
  H    2.5580475    4.4817204   -1.7669908
  C   -3.3690745    2.7620538   -1.1654574
  H   -3.4836387    3.8038938   -0.8273849
  H   -3.5955124    2.7202708   -2.2381645
$end

$rem
   BASIS  =  gen
   CORRELATION  =  TPSS
   DFT_D  =  D3_BJ
   EXCHANGE  =  TPSSH
   GUI  =  2
   JOB_TYPE  =  Optimization
   SCF_CONVERGENCE  =  8
   SOLVENT_METHOD  =  PCM 
   GEOM_OPT_MAX_CYCLES = 200
$end

$pcm
   THEORY  CPCM
$end

$solvent
   DIELECTRIC  78.39
$end

$van_der_waals
     26   2.44
$end

!----------------------------------------------------------------------
! Basis Set Exchange
! Basis set: cc-pVDZ
!----------------------------------------------------------------------

$rem
    BASIS GEN
    PURECART 11
$end

$basis
H     0
S   4   1.00
      1.301000D+01           1.968500D-02
      1.962000D+00           1.379770D-01
      4.446000D-01           4.781480D-01
      1.220000D-01           5.012400D-01
S   1   1.00
      1.220000D-01           1.000000D+00
P   1   1.00
      7.270000D-01           1.0000000
****
C     0
S   9   1.00
      6.665000D+03           6.920000D-04
      1.000000D+03           5.329000D-03
      2.280000D+02           2.707700D-02
      6.471000D+01           1.017180D-01
      2.106000D+01           2.747400D-01
      7.495000D+00           4.485640D-01
      2.797000D+00           2.850740D-01
      5.215000D-01           1.520400D-02
      1.596000D-01          -3.191000D-03
S   9   1.00
      6.665000D+03          -1.460000D-04
      1.000000D+03          -1.154000D-03
      2.280000D+02          -5.725000D-03
      6.471000D+01          -2.331200D-02
      2.106000D+01          -6.395500D-02
      7.495000D+00          -1.499810D-01
      2.797000D+00          -1.272620D-01
      5.215000D-01           5.445290D-01
      1.596000D-01           5.804960D-01
S   1   1.00
      1.596000D-01           1.000000D+00
P   4   1.00
      9.439000D+00           3.810900D-02
      2.002000D+00           2.094800D-01
      5.456000D-01           5.085570D-01
      1.517000D-01           4.688420D-01
P   1   1.00
      1.517000D-01           1.000000D+00
D   1   1.00
      5.500000D-01           1.0000000
****
N     0
S   9   1.00
      9.046000D+03           7.000000D-04
      1.357000D+03           5.389000D-03
      3.093000D+02           2.740600D-02
      8.773000D+01           1.032070D-01
      2.856000D+01           2.787230D-01
      1.021000D+01           4.485400D-01
      3.838000D+00           2.782380D-01
      7.466000D-01           1.544000D-02
      2.248000D-01          -2.864000D-03
S   9   1.00
      9.046000D+03          -1.530000D-04
      1.357000D+03          -1.208000D-03
      3.093000D+02          -5.992000D-03
      8.773000D+01          -2.454400D-02
      2.856000D+01          -6.745900D-02
      1.021000D+01          -1.580780D-01
      3.838000D+00          -1.218310D-01
      7.466000D-01           5.490030D-01
      2.248000D-01           5.788150D-01
S   1   1.00
      2.248000D-01           1.000000D+00
P   4   1.00
      1.355000D+01           3.991900D-02
      2.917000D+00           2.171690D-01
      7.973000D-01           5.103190D-01
      2.185000D-01           4.622140D-01
P   1   1.00
      2.185000D-01           1.000000D+00
D   1   1.00
      8.170000D-01           1.0000000
****
O     0
S   9   1.00
      1.172000D+04           7.100000D-04
      1.759000D+03           5.470000D-03
      4.008000D+02           2.783700D-02
      1.137000D+02           1.048000D-01
      3.703000D+01           2.830620D-01
      1.327000D+01           4.487190D-01
      5.025000D+00           2.709520D-01
      1.013000D+00           1.545800D-02
      3.023000D-01          -2.585000D-03
S   9   1.00
      1.172000D+04          -1.600000D-04
      1.759000D+03          -1.263000D-03
      4.008000D+02          -6.267000D-03
      1.137000D+02          -2.571600D-02
      3.703000D+01          -7.092400D-02
      1.327000D+01          -1.654110D-01
      5.025000D+00          -1.169550D-01
      1.013000D+00           5.573680D-01
      3.023000D-01           5.727590D-01
S   1   1.00
      3.023000D-01           1.000000D+00
P   4   1.00
      1.770000D+01           4.301800D-02
      3.854000D+00           2.289130D-01
      1.046000D+00           5.087280D-01
      2.753000D-01           4.605310D-01
P   1   1.00
      2.753000D-01           1.000000D+00
D   1   1.00
      1.185000D+00           1.0000000
****
Fe     0
S   20   1.00
      4.316265D+06           8.048803D-06
      6.463424D+05           6.258306D-05
      1.470897D+05           3.290239D-04
      4.166152D+04           1.387355D-03
      1.359077D+04           5.023256D-03
      4.905750D+03           1.610140D-02
      1.912746D+03           4.590034D-02
      7.926043D+02           1.136154D-01
      3.448065D+02           2.283869D-01
      1.558999D+02           3.221159D-01
      7.223091D+01           2.383661D-01
      3.272506D+01           7.404667D-02
      1.566762D+01           9.214197D-02
      7.503483D+00           9.339790D-02
      3.312223D+00           1.573965D-02
      1.558471D+00          -4.186682D-04
      6.839140D-01           5.376318D-05
      1.467570D-01          -3.816654D-05
      7.058300D-02           4.319603D-05
      3.144900D-02          -3.401019D-06
S   20   1.00
      4.316265D+06          -4.155954D-06
      6.463424D+05          -3.231401D-05
      1.470897D+05          -1.699525D-04
      4.166152D+04          -7.171369D-04
      1.359077D+04          -2.603625D-03
      4.905750D+03          -8.399109D-03
      1.912746D+03          -2.434109D-02
      7.926043D+02          -6.251948D-02
      3.448065D+02          -1.365929D-01
      1.558999D+02          -2.312707D-01
      7.223091D+01          -2.383734D-01
      3.272506D+01           3.123837D-02
      1.566762D+01           5.086818D-01
      7.503483D+00           4.987695D-01
      3.312223D+00           9.033552D-02
      1.558471D+00          -6.005337D-03
      6.839140D-01           2.312454D-04
      1.467570D-01          -5.643680D-04
      7.058300D-02           4.992260D-04
      3.144900D-02          -1.015293D-04
S   20   1.00
      4.316265D+06           9.532178D-07
      6.463424D+05           7.414605D-06
      1.470897D+05           3.898393D-05
      4.166152D+04           1.647152D-04
      1.359077D+04           5.985980D-04
      4.905750D+03           1.942390D-03
      1.912746D+03           5.687237D-03
      7.926043D+02           1.501329D-02
      3.448065D+02           3.452455D-02
      1.558999D+02           6.495820D-02
      7.223091D+01           7.716194D-02
      3.272506D+01          -1.873411D-02
      1.566762D+01          -3.009185D-01
      7.503483D+00          -4.554661D-01
      3.312223D+00           1.286463D-01
      1.558471D+00           7.183316D-01
      6.839140D-01           4.051743D-01
      1.467570D-01           2.168227D-02
      7.058300D-02          -8.343566D-03
      3.144900D-02           3.658979D-03
S   20   1.00
      4.316265D+06          -2.063008D-07
      6.463424D+05          -1.604169D-06
      1.470897D+05          -8.438437D-06
      4.166152D+04          -3.563151D-05
      1.359077D+04          -1.295998D-04
      4.905750D+03          -4.201534D-04
      1.912746D+03          -1.231954D-03
      7.926043D+02          -3.248922D-03
      3.448065D+02          -7.493717D-03
      1.558999D+02          -1.410102D-02
      7.223091D+01          -1.691600D-02
      3.272506D+01           4.218996D-03
      1.566762D+01           6.833810D-02
      7.503483D+00           1.098201D-01
      3.312223D+00          -4.009005D-02
      1.558471D+00          -2.174739D-01
      6.839140D-01          -2.465135D-01
      1.467570D-01           2.731435D-01
      7.058300D-02           5.748321D-01
      3.144900D-02           3.012713D-01
S   20   1.00
      4.316265D+06          -4.009367D-07
      6.463424D+05          -3.189255D-06
      1.470897D+05          -1.623079D-05
      4.166152D+04          -7.157920D-05
      1.359077D+04          -2.463958D-04
      4.905750D+03          -8.544907D-04
      1.912746D+03          -2.307593D-03
      7.926043D+02          -6.728292D-03
      3.448065D+02          -1.366165D-02
      1.558999D+02          -3.062240D-02
      7.223091D+01          -2.631137D-02
      3.272506D+01          -9.760183D-03
      1.566762D+01           1.801906D-01
      7.503483D+00           1.529634D-01
      3.312223D+00           5.505413D-02
      1.558471D+00          -9.551364D-01
      6.839140D-01           2.586813D-01
      1.467570D-01           1.834049D+00
      7.058300D-02          -9.333240D-01
      3.144900D-02          -6.981605D-01
S   1   1.00
      3.144900D-02           1.000000D+00
P   16   1.00
      1.774569D+04           4.100000D-05
      4.200721D+03           3.690000D-04
      1.364429D+03           2.129000D-03
      5.220806D+02           9.369000D-03
      2.214595D+02           3.309700D-02
      1.009096D+02           9.443100D-02
      4.840115D+01           2.080770D-01
      2.398536D+01           3.323330D-01
      1.218250D+01           3.329870D-01
      6.242298D+00           1.568430D-01
      3.110944D+00           2.154900D-02
      1.509958D+00          -2.095000D-03
      7.108450D-01          -1.739000D-03
      2.731900D-01          -3.000000D-04
      1.042330D-01           2.900000D-05
      3.829100D-02          -1.100000D-05
P   16   1.00
      1.774569D+04          -1.500000D-05
      4.200721D+03          -1.300000D-04
      1.364429D+03          -7.510000D-04
      5.220806D+02          -3.329000D-03
      2.214595D+02          -1.191200D-02
      1.009096D+02          -3.493300D-02
      4.840115D+01          -7.998900D-02
      2.398536D+01          -1.346360D-01
      1.218250D+01          -1.385980D-01
      6.242298D+00           3.027800D-02
      3.110944D+00           3.332160D-01
      1.509958D+00           4.561530D-01
      7.108450D-01           2.850510D-01
      2.731900D-01           4.614400D-02
      1.042330D-01          -3.249000D-03
      3.829100D-02           1.357000D-03
P   16   1.00
      1.774569D+04           5.000000D-06
      4.200721D+03           4.200000D-05
      1.364429D+03           2.410000D-04
      5.220806D+02           1.085000D-03
      2.214595D+02           3.831000D-03
      1.009096D+02           1.142300D-02
      4.840115D+01           2.579200D-02
      2.398536D+01           4.481800D-02
      1.218250D+01           4.459800D-02
      6.242298D+00          -1.117700D-02
      3.110944D+00          -1.381340D-01
      1.509958D+00          -1.882850D-01
      7.108450D-01          -1.073990D-01
      2.731900D-01           4.448630D-01
      1.042330D-01           6.402390D-01
      3.829100D-02           6.445700D-02
P   16   1.00
      1.774569D+04           3.000000D-06
      4.200721D+03           2.900000D-05
      1.364429D+03           1.650000D-04
      5.220806D+02           7.340000D-04
      2.214595D+02           2.626000D-03
      1.009096D+02           7.725000D-03
      4.840115D+01           1.773300D-02
      2.398536D+01           3.005500D-02
      1.218250D+01           3.109400D-02
      6.242298D+00          -1.004800D-02
      3.110944D+00          -8.830600D-02
      1.509958D+00          -1.298240D-01
      7.108450D-01          -7.693700D-02
      2.731900D-01           2.126610D-01
      1.042330D-01           5.730610D-01
      3.829100D-02           3.696510D-01
P   1   1.00
      3.829100D-02           1.000000D+00
D   8   1.00
      1.133440D+02           3.530000D-03
      3.364140D+01           2.578400D-02
      1.233100D+01           9.911900D-02
      4.994780D+00           2.390730D-01
      2.072800D+00           3.571990D-01
      8.307530D-01           3.621880D-01
      3.091780D-01           2.364610D-01
      1.001300D-01           6.011800D-02
D   8   1.00
      1.133440D+02          -3.890000D-03
      3.364140D+01          -2.844200D-02
      1.233100D+01          -1.124290D-01
      4.994780D+00          -2.742570D-01
      2.072800D+00          -3.155460D-01
      8.307530D-01           5.710900D-02
      3.091780D-01           5.636040D-01
      1.001300D-01           3.846370D-01
D   1   1.00
      1.001300D-01           1.000000D+00
F   2   1.00
      3.224300D+00           4.222490D-01
      7.758000D-01           7.714680D-01
****
$end


