$molecule
-3 6
  C   -2.7882818    1.9175589    1.5547403
  C   -2.8343179   -1.4324084   -1.3806776
  H   -3.4393038   -2.3544092   -1.3031691
  N   -1.9326077   -1.3753158   -0.2433372
  H   -0.9483991   -1.1983984   -0.4441571
  C   -2.0050620   -1.5355220   -2.6949605
  O   -2.6745178   -1.6039800   -3.7552653
  C   -2.2724697   -1.5914051    1.0395353
  O   -3.4521867   -1.7384156    1.4137300
  N   -2.4951436    2.9000891    0.6849483
  C   -3.4225843    3.4040185   -0.3431838
  H   -2.7998431    4.0488650   -0.9750652
  H   -4.1867995    4.0397158    0.1295453
  C   -1.1209886   -1.8402710    2.0136167
  H   -0.8619145   -2.8960851    1.8367795
  H   -1.5255504   -1.7661383    3.0307023
  C    0.2042206   -1.0137081    1.9314112
  C    0.3079662    0.0025873    3.1109460
  C    1.4240518   -1.9647445    2.1383291
  H    1.2048368   -2.6665288    2.9574186
  H    2.2962814   -1.3628947    2.4325127
  C    1.7522120   -2.7360658    0.8700333
  O    0.9435864   -3.5042217    0.3205785
  N    2.9874158   -2.5062038    0.3882090
  H    3.6466327   -1.9024448    0.8780885
  C    5.0651689   -2.7385355   -0.8618783
  O    5.7145377   -3.2867185   -1.7859994
  C    2.5708821    2.3209753   -0.4140392
  N    1.8587706    1.8735067   -1.4386796
  C    2.3310136    1.5252730   -2.7770685
  H    3.3613362    1.8878776   -2.8777277
  H    1.7003577    2.0744205   -3.4940210
  C    4.0462165    2.5862735   -0.5277668
  H    4.3500972    3.2015214    0.3286105
  H    4.3136715    3.1051844   -1.4579861
  C    2.2575881    0.0163107   -3.0318798
  H    1.2074827   -0.3113600   -2.9956960
  H    2.6201475   -0.1650624   -4.0589814
  C    3.0838462   -0.7707325   -2.0168159
  H    4.1537590   -0.5245730   -2.1382547
  H    2.8015519   -0.4336462   -1.0069965
  C    2.8857679   -2.2857954   -2.0756258
  H    1.8089092   -2.5171311   -2.0908372
  H    3.3319491   -2.7055053   -2.9922495
  C    3.5300246   -2.9969122   -0.8664060
  H    3.3488283   -4.0803902   -0.9532256
  C   -4.0857045    2.2769942   -1.1554017
  H   -4.5514195    2.7301559   -2.0468571
  H   -4.9191006    1.8708063   -0.5597167
  C   -4.1929849    1.7254104    2.0505830
  H   -4.1722892    1.7656233    3.1508159
  H   -4.8998471    2.4750742    1.6773991
  C   -3.1452023    1.1166036   -1.5399314
  H   -2.2757497    1.1037005   -0.8687646
  H   -2.7381762    1.2675563   -2.5539072
  C   -3.8232198   -0.2535005   -1.4398101
  H   -4.4338072   -0.2891814   -0.5244935
  H   -4.4933011   -0.4238380   -2.2971314
  O   -0.7445189   -1.5324698   -2.5852629
  O    5.5068617   -1.9716408    0.0419151
  O    0.3620864   -0.3401112    0.7155127
 Fe    0.1147535    1.5587985    0.8008820
  O    0.6611197    1.2015178    2.7645425
  O   -1.8560562    1.1873077    1.9716576
  O   -1.1737404    2.9903432    0.3292074
  O    1.9729365    2.4894485    0.7085375
  O    0.1284832   -0.3743970    4.2765696
  O    0.5443078    1.6295404   -1.2115159
  H   -4.5261182    0.7158153    1.7652217
  H    4.6038943    1.6356091   -0.4907083
$end

$rem
BASIS  =  gen
CIS_N_ROOTS  =  100
EXCHANGE  =  CAM-B3LYP
GUI  =  2
JOB_TYPE  =  SP
NTO_PAIRS  =  2
SCF_CONVERGENCE  =  8
SOLVENT_METHOD  =  PCM
UNRESTRICTED  =  1
BASIS GEN
PURECART 11
MEM_TOTAL  =  30000
$end

$pcm
THEORY  CPCM
$end

$solvent
DIELECTRIC  78.39
$end

$van_der_waals
26   2.44
$end

!----------------------------------------------------------------------
! Basis Set Exchange
! Basis set: aug-cc-pVDZ
!----------------------------------------------------------------------

$basis
H     0
S   4   1.00
1.301000D+01           1.968500D-02
1.962000D+00           1.379770D-01
4.446000D-01           4.781480D-01
1.220000D-01           5.012400D-01
S   1   1.00
1.220000D-01           1.000000D+00
S   1   1.00
0.0297400              1.0000000
P   1   1.00
7.270000D-01           1.0000000
P   1   1.00
0.1410000              1.0000000
****
C     0
S   9   1.00
6.665000D+03           6.920000D-04
1.000000D+03           5.329000D-03
2.280000D+02           2.707700D-02
6.471000D+01           1.017180D-01
2.106000D+01           2.747400D-01
7.495000D+00           4.485640D-01
2.797000D+00           2.850740D-01
5.215000D-01           1.520400D-02
1.596000D-01          -3.191000D-03
S   9   1.00
6.665000D+03          -1.460000D-04
1.000000D+03          -1.154000D-03
2.280000D+02          -5.725000D-03
6.471000D+01          -2.331200D-02
2.106000D+01          -6.395500D-02
7.495000D+00          -1.499810D-01
2.797000D+00          -1.272620D-01
5.215000D-01           5.445290D-01
1.596000D-01           5.804960D-01
S   1   1.00
1.596000D-01           1.000000D+00
S   1   1.00
0.0469000              1.0000000
P   4   1.00
9.439000D+00           3.810900D-02
2.002000D+00           2.094800D-01
5.456000D-01           5.085570D-01
1.517000D-01           4.688420D-01
P   1   1.00
1.517000D-01           1.000000D+00
P   1   1.00
0.0404100              1.0000000
D   1   1.00
5.500000D-01           1.0000000
D   1   1.00
0.1510000              1.0000000
****
N     0
S   9   1.00
9.046000D+03           7.000000D-04
1.357000D+03           5.389000D-03
3.093000D+02           2.740600D-02
8.773000D+01           1.032070D-01
2.856000D+01           2.787230D-01
1.021000D+01           4.485400D-01
3.838000D+00           2.782380D-01
7.466000D-01           1.544000D-02
2.248000D-01          -2.864000D-03
S   9   1.00
9.046000D+03          -1.530000D-04
1.357000D+03          -1.208000D-03
3.093000D+02          -5.992000D-03
8.773000D+01          -2.454400D-02
2.856000D+01          -6.745900D-02
1.021000D+01          -1.580780D-01
3.838000D+00          -1.218310D-01
7.466000D-01           5.490030D-01
2.248000D-01           5.788150D-01
S   1   1.00
2.248000D-01           1.000000D+00
S   1   1.00
0.0612400              1.0000000
P   4   1.00
1.355000D+01           3.991900D-02
2.917000D+00           2.171690D-01
7.973000D-01           5.103190D-01
2.185000D-01           4.622140D-01
P   1   1.00
2.185000D-01           1.000000D+00
P   1   1.00
0.0561100              1.0000000
D   1   1.00
8.170000D-01           1.0000000
D   1   1.00
0.2300000              1.0000000
****
O     0
S   9   1.00
1.172000D+04           7.100000D-04
1.759000D+03           5.470000D-03
4.008000D+02           2.783700D-02
1.137000D+02           1.048000D-01
3.703000D+01           2.830620D-01
1.327000D+01           4.487190D-01
5.025000D+00           2.709520D-01
1.013000D+00           1.545800D-02
3.023000D-01          -2.585000D-03
S   9   1.00
1.172000D+04          -1.600000D-04
1.759000D+03          -1.263000D-03
4.008000D+02          -6.267000D-03
1.137000D+02          -2.571600D-02
3.703000D+01          -7.092400D-02
1.327000D+01          -1.654110D-01
5.025000D+00          -1.169550D-01
1.013000D+00           5.573680D-01
3.023000D-01           5.727590D-01
S   1   1.00
3.023000D-01           1.000000D+00
S   1   1.00
0.0789600              1.0000000
P   4   1.00
1.770000D+01           4.301800D-02
3.854000D+00           2.289130D-01
1.046000D+00           5.087280D-01
2.753000D-01           4.605310D-01
P   1   1.00
2.753000D-01           1.000000D+00
P   1   1.00
0.0685600              1.0000000
D   1   1.00
1.185000D+00           1.0000000
D   1   1.00
0.3320000              1.0000000
****
Fe     0
S   20   1.00
4.316265D+06           8.048803D-06
6.463424D+05           6.258306D-05
1.470897D+05           3.290239D-04
4.166152D+04           1.387355D-03
1.359077D+04           5.023256D-03
4.905750D+03           1.610140D-02
1.912746D+03           4.590034D-02
7.926043D+02           1.136154D-01
3.448065D+02           2.283869D-01
1.558999D+02           3.221159D-01
7.223091D+01           2.383661D-01
3.272506D+01           7.404667D-02
1.566762D+01           9.214197D-02
7.503483D+00           9.339790D-02
3.312223D+00           1.573965D-02
1.558471D+00          -4.186682D-04
6.839140D-01           5.376318D-05
1.467570D-01          -3.816654D-05
7.058300D-02           4.319603D-05
3.144900D-02          -3.401019D-06
S   20   1.00
4.316265D+06          -4.155954D-06
6.463424D+05          -3.231401D-05
1.470897D+05          -1.699525D-04
4.166152D+04          -7.171369D-04
1.359077D+04          -2.603625D-03
4.905750D+03          -8.399109D-03
1.912746D+03          -2.434109D-02
7.926043D+02          -6.251948D-02
3.448065D+02          -1.365929D-01
1.558999D+02          -2.312707D-01
7.223091D+01          -2.383734D-01
3.272506D+01           3.123837D-02
1.566762D+01           5.086818D-01
7.503483D+00           4.987695D-01
3.312223D+00           9.033552D-02
1.558471D+00          -6.005337D-03
6.839140D-01           2.312454D-04
1.467570D-01          -5.643680D-04
7.058300D-02           4.992260D-04
3.144900D-02          -1.015293D-04
S   20   1.00
4.316265D+06           9.532178D-07
6.463424D+05           7.414605D-06
1.470897D+05           3.898393D-05
4.166152D+04           1.647152D-04
1.359077D+04           5.985980D-04
4.905750D+03           1.942390D-03
1.912746D+03           5.687237D-03
7.926043D+02           1.501329D-02
3.448065D+02           3.452455D-02
1.558999D+02           6.495820D-02
7.223091D+01           7.716194D-02
3.272506D+01          -1.873411D-02
1.566762D+01          -3.009185D-01
7.503483D+00          -4.554661D-01
3.312223D+00           1.286463D-01
1.558471D+00           7.183316D-01
6.839140D-01           4.051743D-01
1.467570D-01           2.168227D-02
7.058300D-02          -8.343566D-03
3.144900D-02           3.658979D-03
S   20   1.00
4.316265D+06          -2.063008D-07
6.463424D+05          -1.604169D-06
1.470897D+05          -8.438437D-06
4.166152D+04          -3.563151D-05
1.359077D+04          -1.295998D-04
4.905750D+03          -4.201534D-04
1.912746D+03          -1.231954D-03
7.926043D+02          -3.248922D-03
3.448065D+02          -7.493717D-03
1.558999D+02          -1.410102D-02
7.223091D+01          -1.691600D-02
3.272506D+01           4.218996D-03
1.566762D+01           6.833810D-02
7.503483D+00           1.098201D-01
3.312223D+00          -4.009005D-02
1.558471D+00          -2.174739D-01
6.839140D-01          -2.465135D-01
1.467570D-01           2.731435D-01
7.058300D-02           5.748321D-01
3.144900D-02           3.012713D-01
S   20   1.00
4.316265D+06          -4.009367D-07
6.463424D+05          -3.189255D-06
1.470897D+05          -1.623079D-05
4.166152D+04          -7.157920D-05
1.359077D+04          -2.463958D-04
4.905750D+03          -8.544907D-04
1.912746D+03          -2.307593D-03
7.926043D+02          -6.728292D-03
3.448065D+02          -1.366165D-02
1.558999D+02          -3.062240D-02
7.223091D+01          -2.631137D-02
3.272506D+01          -9.760183D-03
1.566762D+01           1.801906D-01
7.503483D+00           1.529634D-01
3.312223D+00           5.505413D-02
1.558471D+00          -9.551364D-01
6.839140D-01           2.586813D-01
1.467570D-01           1.834049D+00
7.058300D-02          -9.333240D-01
3.144900D-02          -6.981605D-01
S   1   1.00
3.144900D-02           1.000000D+00
S   1   1.00
1.401000D-02           1.000000D+00
P   16   1.00
1.774569D+04           4.100000D-05
4.200721D+03           3.690000D-04
1.364429D+03           2.129000D-03
5.220806D+02           9.369000D-03
2.214595D+02           3.309700D-02
1.009096D+02           9.443100D-02
4.840115D+01           2.080770D-01
2.398536D+01           3.323330D-01
1.218250D+01           3.329870D-01
6.242298D+00           1.568430D-01
3.110944D+00           2.154900D-02
1.509958D+00          -2.095000D-03
7.108450D-01          -1.739000D-03
2.731900D-01          -3.000000D-04
1.042330D-01           2.900000D-05
3.829100D-02          -1.100000D-05
P   16   1.00
1.774569D+04          -1.500000D-05
4.200721D+03          -1.300000D-04
1.364429D+03          -7.510000D-04
5.220806D+02          -3.329000D-03
2.214595D+02          -1.191200D-02
1.009096D+02          -3.493300D-02
4.840115D+01          -7.998900D-02
2.398536D+01          -1.346360D-01
1.218250D+01          -1.385980D-01
6.242298D+00           3.027800D-02
3.110944D+00           3.332160D-01
1.509958D+00           4.561530D-01
7.108450D-01           2.850510D-01
2.731900D-01           4.614400D-02
1.042330D-01          -3.249000D-03
3.829100D-02           1.357000D-03
P   16   1.00
1.774569D+04           5.000000D-06
4.200721D+03           4.200000D-05
1.364429D+03           2.410000D-04
5.220806D+02           1.085000D-03
2.214595D+02           3.831000D-03
1.009096D+02           1.142300D-02
4.840115D+01           2.579200D-02
2.398536D+01           4.481800D-02
1.218250D+01           4.459800D-02
6.242298D+00          -1.117700D-02
3.110944D+00          -1.381340D-01
1.509958D+00          -1.882850D-01
7.108450D-01          -1.073990D-01
2.731900D-01           4.448630D-01
1.042330D-01           6.402390D-01
3.829100D-02           6.445700D-02
P   16   1.00
1.774569D+04           3.000000D-06
4.200721D+03           2.900000D-05
1.364429D+03           1.650000D-04
5.220806D+02           7.340000D-04
2.214595D+02           2.626000D-03
1.009096D+02           7.725000D-03
4.840115D+01           1.773300D-02
2.398536D+01           3.005500D-02
1.218250D+01           3.109400D-02
6.242298D+00          -1.004800D-02
3.110944D+00          -8.830600D-02
1.509958D+00          -1.298240D-01
7.108450D-01          -7.693700D-02
2.731900D-01           2.126610D-01
1.042330D-01           5.730610D-01
3.829100D-02           3.696510D-01
P   1   1.00
3.829100D-02           1.000000D+00
P   1   1.00
1.407000D-02           1.000000D+00
D   8   1.00
1.133440D+02           3.530000D-03
3.364140D+01           2.578400D-02
1.233100D+01           9.911900D-02
4.994780D+00           2.390730D-01
2.072800D+00           3.571990D-01
8.307530D-01           3.621880D-01
3.091780D-01           2.364610D-01
1.001300D-01           6.011800D-02
D   8   1.00
1.133440D+02          -3.890000D-03
3.364140D+01          -2.844200D-02
1.233100D+01          -1.124290D-01
4.994780D+00          -2.742570D-01
2.072800D+00          -3.155460D-01
8.307530D-01           5.710900D-02
3.091780D-01           5.636040D-01
1.001300D-01           3.846370D-01
D   1   1.00
1.001300D-01           1.000000D+00
D   1   1.00
3.243000D-02           1.000000D+00
F   2   1.00
3.224300D+00           4.222490D-01
7.758000D-01           7.714680D-01
F   1   1.00
2.749000D-01           1.000000D+00
****
$end


