$molecule
-3 6
  C    3.0176011   -1.8048005   -0.4448772
  C    4.2892002   -2.3465632   -0.2483367
  C    5.2982122   -2.2203812   -1.2367737
  C    4.9867035   -1.6145791   -2.4615958
  C    3.7265160   -1.0410288   -2.6715993
  C    2.7539034   -1.0641345   -1.6568951
  H    4.4865114   -2.8568554    0.6987508
  O    1.5986100   -0.4360452   -1.7193468
  C    6.7379335   -2.4441611   -0.9524893
  O    7.5959692   -2.5612804   -1.8429974
  N    7.0847909   -2.4102010    0.3784139
  H    6.3402594   -2.1219501    1.0052229
  C    8.4146384   -1.9876200    0.8035117
  H    8.7420269   -2.6023872    1.6578816
  H    9.0986147   -2.1835135   -0.0341163
  C    8.4203282   -0.5011308    1.1930314
  H    9.4068016   -0.2547644    1.6211439
  H    7.6888630   -0.3536940    2.0074779
  C    8.0858051    0.4720258    0.0273967
  H    7.8010467   -0.1038194   -0.8670036
  H    8.9998797    1.0253065   -0.2453131
  N    7.0256760    1.4566040    0.2635248
  H    7.2287202    1.9597716    1.1315274
  C    4.6282106    1.9800107    0.5946063
  H    3.6518078    1.5017273    0.7740373
  H    4.8851652    2.5088184    1.5314044
  C    5.6770533    0.8913123    0.3555776
  H    5.5825079    0.1267836    1.1561858
  H    5.4675957    0.3587444   -0.5870166
  C    4.5020220    2.9979117   -0.5486555
  H    4.1648604    3.9700120   -0.1597349
  H    5.4976851    3.1597391   -0.9947591
  C    3.5262433    2.5867390   -1.6617677
  H    3.7727182    1.5858728   -2.0406548
  H    3.6183847    3.2987958   -2.4995220
  N    2.1331878    2.5434590   -1.2243561
  H    1.6477038    1.6439019   -1.2037352
  C    1.4587084    3.6620263   -0.8793254
  O    1.9540501    4.7965204   -0.9807817
  C    0.0403356    3.4874178   -0.3503483
  H   -0.6573921    3.5420800   -1.2030276
  H   -0.1477049    4.3626089    0.2857706
  C   -1.5807409    2.3136431    1.2113994
  H   -1.7452337    1.3575578    1.7331121
  H   -1.4975380    3.1152935    1.9560526
  C   -2.7773928    2.6174751    0.3204394
  O   -3.4910661    3.6169099    0.4869917
  N   -2.9728247    1.7043119   -0.6653398
  C   -3.8275616    1.9730489   -1.8181315
  H   -2.1388288    1.1150373   -0.8096056
  C   -5.2369379    1.3751218   -1.7475709
  H   -3.3114676    1.5601173   -2.6990000
  H   -3.9011831    3.0657382   -1.9534655
  C   -6.1533766    2.0044762   -0.6945592
  H   -5.6972405    1.5247910   -2.7432092
  H   -5.1716376    0.2845142   -1.6009870
  C   -7.6352756    1.6447857   -0.8976296
  H   -6.0584954    3.1032550   -0.7463464
  H   -5.8203798    1.7215947    0.3193076
  H   -8.2547198    2.2652021   -0.2259522
  H   -7.9162709    1.9261168   -1.9297209
  C   -5.7765062   -2.3656261   -0.4113233
  C   -4.4292903   -2.1808273    0.1773060
  O   -6.0371554   -2.0326582   -1.5860411
  C   -4.2459824   -1.9885042    1.5565029
  C   -3.3152003   -2.0681996   -0.6917814
  C   -2.9801685   -1.6752897    2.0689294
  C   -2.0422599   -1.7707300   -0.2026440
  C   -1.8714120   -1.5445596    1.2152395
  H   -2.8442391   -1.4878055    3.1379262
  O   -0.9549446   -1.6370092   -0.9507474
  C   -0.2492227    2.1737143    0.4103814
  O   -0.3338292    1.1088618   -0.4879575
  C    0.8797519    1.9147159    1.4476299
  O    1.3981336    0.7364816    1.4042862
  O    1.2129923    2.8179431    2.2338779
  H    3.5023440   -0.5104597   -3.6014529
  O    2.0228261   -1.8780964    0.4286243
  H   -3.4632001   -2.1928538   -1.7667430
  O   -0.6671390   -1.1919623    1.6145984
 Fe    0.5004684   -0.6069991    0.0313164
  N   -8.0323843    0.2493373   -0.6930239
  H   -7.4307702   -0.3602534   -1.2539122
  N   -6.7386166   -2.9072353    0.3952418
  H   -6.4707832   -3.1311032    1.3471284
  C   -8.1581877   -2.6962132    0.1498469
  H   -8.2761765   -2.5423266   -0.9306563
  H   -8.7116250   -3.6090516    0.4198863
  C   -8.7139837   -1.4983046    0.9354169
  H   -9.7743466   -1.3658433    0.6585072
  H   -8.6838966   -1.7327199    2.0143742
  C   -7.9605582   -0.1856425    0.7027355
  H   -8.4302151    0.5979079    1.3219243
  H   -6.9205774   -0.2909435    1.0763989
  H    5.7722177   -1.5222745   -3.2131573
  H   -5.0961202   -2.0206178    2.2409367
$end

$rem
BASIS  =  gen
CIS_N_ROOTS  =  100
EXCHANGE  =  CAM-B3LYP
GUI  =  2
JOB_TYPE  =  SP
SCF_CONVERGENCE  =  8
SOLVENT_METHOD  =  PCM
UNRESTRICTED  =  1
BASIS GEN
PURECART 11
MEM_TOTAL = 30000
$end

$pcm
THEORY  CPCM
$end

$solvent
DIELECTRIC  78.39
$end

$van_der_waals
26   2.44
$end

!----------------------------------------------------------------------
! Basis Set Exchange
! Basis set: aug-cc-pVDZ
!----------------------------------------------------------------------

$basis
H     0
S   4   1.00
1.301000D+01           1.968500D-02
1.962000D+00           1.379770D-01
4.446000D-01           4.781480D-01
1.220000D-01           5.012400D-01
S   1   1.00
1.220000D-01           1.000000D+00
S   1   1.00
0.0297400              1.0000000
P   1   1.00
7.270000D-01           1.0000000
P   1   1.00
0.1410000              1.0000000
****
C     0
S   9   1.00
6.665000D+03           6.920000D-04
1.000000D+03           5.329000D-03
2.280000D+02           2.707700D-02
6.471000D+01           1.017180D-01
2.106000D+01           2.747400D-01
7.495000D+00           4.485640D-01
2.797000D+00           2.850740D-01
5.215000D-01           1.520400D-02
1.596000D-01          -3.191000D-03
S   9   1.00
6.665000D+03          -1.460000D-04
1.000000D+03          -1.154000D-03
2.280000D+02          -5.725000D-03
6.471000D+01          -2.331200D-02
2.106000D+01          -6.395500D-02
7.495000D+00          -1.499810D-01
2.797000D+00          -1.272620D-01
5.215000D-01           5.445290D-01
1.596000D-01           5.804960D-01
S   1   1.00
1.596000D-01           1.000000D+00
S   1   1.00
0.0469000              1.0000000
P   4   1.00
9.439000D+00           3.810900D-02
2.002000D+00           2.094800D-01
5.456000D-01           5.085570D-01
1.517000D-01           4.688420D-01
P   1   1.00
1.517000D-01           1.000000D+00
P   1   1.00
0.0404100              1.0000000
D   1   1.00
5.500000D-01           1.0000000
D   1   1.00
0.1510000              1.0000000
****
N     0
S   9   1.00
9.046000D+03           7.000000D-04
1.357000D+03           5.389000D-03
3.093000D+02           2.740600D-02
8.773000D+01           1.032070D-01
2.856000D+01           2.787230D-01
1.021000D+01           4.485400D-01
3.838000D+00           2.782380D-01
7.466000D-01           1.544000D-02
2.248000D-01          -2.864000D-03
S   9   1.00
9.046000D+03          -1.530000D-04
1.357000D+03          -1.208000D-03
3.093000D+02          -5.992000D-03
8.773000D+01          -2.454400D-02
2.856000D+01          -6.745900D-02
1.021000D+01          -1.580780D-01
3.838000D+00          -1.218310D-01
7.466000D-01           5.490030D-01
2.248000D-01           5.788150D-01
S   1   1.00
2.248000D-01           1.000000D+00
S   1   1.00
0.0612400              1.0000000
P   4   1.00
1.355000D+01           3.991900D-02
2.917000D+00           2.171690D-01
7.973000D-01           5.103190D-01
2.185000D-01           4.622140D-01
P   1   1.00
2.185000D-01           1.000000D+00
P   1   1.00
0.0561100              1.0000000
D   1   1.00
8.170000D-01           1.0000000
D   1   1.00
0.2300000              1.0000000
****
O     0
S   9   1.00
1.172000D+04           7.100000D-04
1.759000D+03           5.470000D-03
4.008000D+02           2.783700D-02
1.137000D+02           1.048000D-01
3.703000D+01           2.830620D-01
1.327000D+01           4.487190D-01
5.025000D+00           2.709520D-01
1.013000D+00           1.545800D-02
3.023000D-01          -2.585000D-03
S   9   1.00
1.172000D+04          -1.600000D-04
1.759000D+03          -1.263000D-03
4.008000D+02          -6.267000D-03
1.137000D+02          -2.571600D-02
3.703000D+01          -7.092400D-02
1.327000D+01          -1.654110D-01
5.025000D+00          -1.169550D-01
1.013000D+00           5.573680D-01
3.023000D-01           5.727590D-01
S   1   1.00
3.023000D-01           1.000000D+00
S   1   1.00
0.0789600              1.0000000
P   4   1.00
1.770000D+01           4.301800D-02
3.854000D+00           2.289130D-01
1.046000D+00           5.087280D-01
2.753000D-01           4.605310D-01
P   1   1.00
2.753000D-01           1.000000D+00
P   1   1.00
0.0685600              1.0000000
D   1   1.00
1.185000D+00           1.0000000
D   1   1.00
0.3320000              1.0000000
****
Fe     0
S   20   1.00
4.316265D+06           8.048803D-06
6.463424D+05           6.258306D-05
1.470897D+05           3.290239D-04
4.166152D+04           1.387355D-03
1.359077D+04           5.023256D-03
4.905750D+03           1.610140D-02
1.912746D+03           4.590034D-02
7.926043D+02           1.136154D-01
3.448065D+02           2.283869D-01
1.558999D+02           3.221159D-01
7.223091D+01           2.383661D-01
3.272506D+01           7.404667D-02
1.566762D+01           9.214197D-02
7.503483D+00           9.339790D-02
3.312223D+00           1.573965D-02
1.558471D+00          -4.186682D-04
6.839140D-01           5.376318D-05
1.467570D-01          -3.816654D-05
7.058300D-02           4.319603D-05
3.144900D-02          -3.401019D-06
S   20   1.00
4.316265D+06          -4.155954D-06
6.463424D+05          -3.231401D-05
1.470897D+05          -1.699525D-04
4.166152D+04          -7.171369D-04
1.359077D+04          -2.603625D-03
4.905750D+03          -8.399109D-03
1.912746D+03          -2.434109D-02
7.926043D+02          -6.251948D-02
3.448065D+02          -1.365929D-01
1.558999D+02          -2.312707D-01
7.223091D+01          -2.383734D-01
3.272506D+01           3.123837D-02
1.566762D+01           5.086818D-01
7.503483D+00           4.987695D-01
3.312223D+00           9.033552D-02
1.558471D+00          -6.005337D-03
6.839140D-01           2.312454D-04
1.467570D-01          -5.643680D-04
7.058300D-02           4.992260D-04
3.144900D-02          -1.015293D-04
S   20   1.00
4.316265D+06           9.532178D-07
6.463424D+05           7.414605D-06
1.470897D+05           3.898393D-05
4.166152D+04           1.647152D-04
1.359077D+04           5.985980D-04
4.905750D+03           1.942390D-03
1.912746D+03           5.687237D-03
7.926043D+02           1.501329D-02
3.448065D+02           3.452455D-02
1.558999D+02           6.495820D-02
7.223091D+01           7.716194D-02
3.272506D+01          -1.873411D-02
1.566762D+01          -3.009185D-01
7.503483D+00          -4.554661D-01
3.312223D+00           1.286463D-01
1.558471D+00           7.183316D-01
6.839140D-01           4.051743D-01
1.467570D-01           2.168227D-02
7.058300D-02          -8.343566D-03
3.144900D-02           3.658979D-03
S   20   1.00
4.316265D+06          -2.063008D-07
6.463424D+05          -1.604169D-06
1.470897D+05          -8.438437D-06
4.166152D+04          -3.563151D-05
1.359077D+04          -1.295998D-04
4.905750D+03          -4.201534D-04
1.912746D+03          -1.231954D-03
7.926043D+02          -3.248922D-03
3.448065D+02          -7.493717D-03
1.558999D+02          -1.410102D-02
7.223091D+01          -1.691600D-02
3.272506D+01           4.218996D-03
1.566762D+01           6.833810D-02
7.503483D+00           1.098201D-01
3.312223D+00          -4.009005D-02
1.558471D+00          -2.174739D-01
6.839140D-01          -2.465135D-01
1.467570D-01           2.731435D-01
7.058300D-02           5.748321D-01
3.144900D-02           3.012713D-01
S   20   1.00
4.316265D+06          -4.009367D-07
6.463424D+05          -3.189255D-06
1.470897D+05          -1.623079D-05
4.166152D+04          -7.157920D-05
1.359077D+04          -2.463958D-04
4.905750D+03          -8.544907D-04
1.912746D+03          -2.307593D-03
7.926043D+02          -6.728292D-03
3.448065D+02          -1.366165D-02
1.558999D+02          -3.062240D-02
7.223091D+01          -2.631137D-02
3.272506D+01          -9.760183D-03
1.566762D+01           1.801906D-01
7.503483D+00           1.529634D-01
3.312223D+00           5.505413D-02
1.558471D+00          -9.551364D-01
6.839140D-01           2.586813D-01
1.467570D-01           1.834049D+00
7.058300D-02          -9.333240D-01
3.144900D-02          -6.981605D-01
S   1   1.00
3.144900D-02           1.000000D+00
S   1   1.00
1.401000D-02           1.000000D+00
P   16   1.00
1.774569D+04           4.100000D-05
4.200721D+03           3.690000D-04
1.364429D+03           2.129000D-03
5.220806D+02           9.369000D-03
2.214595D+02           3.309700D-02
1.009096D+02           9.443100D-02
4.840115D+01           2.080770D-01
2.398536D+01           3.323330D-01
1.218250D+01           3.329870D-01
6.242298D+00           1.568430D-01
3.110944D+00           2.154900D-02
1.509958D+00          -2.095000D-03
7.108450D-01          -1.739000D-03
2.731900D-01          -3.000000D-04
1.042330D-01           2.900000D-05
3.829100D-02          -1.100000D-05
P   16   1.00
1.774569D+04          -1.500000D-05
4.200721D+03          -1.300000D-04
1.364429D+03          -7.510000D-04
5.220806D+02          -3.329000D-03
2.214595D+02          -1.191200D-02
1.009096D+02          -3.493300D-02
4.840115D+01          -7.998900D-02
2.398536D+01          -1.346360D-01
1.218250D+01          -1.385980D-01
6.242298D+00           3.027800D-02
3.110944D+00           3.332160D-01
1.509958D+00           4.561530D-01
7.108450D-01           2.850510D-01
2.731900D-01           4.614400D-02
1.042330D-01          -3.249000D-03
3.829100D-02           1.357000D-03
P   16   1.00
1.774569D+04           5.000000D-06
4.200721D+03           4.200000D-05
1.364429D+03           2.410000D-04
5.220806D+02           1.085000D-03
2.214595D+02           3.831000D-03
1.009096D+02           1.142300D-02
4.840115D+01           2.579200D-02
2.398536D+01           4.481800D-02
1.218250D+01           4.459800D-02
6.242298D+00          -1.117700D-02
3.110944D+00          -1.381340D-01
1.509958D+00          -1.882850D-01
7.108450D-01          -1.073990D-01
2.731900D-01           4.448630D-01
1.042330D-01           6.402390D-01
3.829100D-02           6.445700D-02
P   16   1.00
1.774569D+04           3.000000D-06
4.200721D+03           2.900000D-05
1.364429D+03           1.650000D-04
5.220806D+02           7.340000D-04
2.214595D+02           2.626000D-03
1.009096D+02           7.725000D-03
4.840115D+01           1.773300D-02
2.398536D+01           3.005500D-02
1.218250D+01           3.109400D-02
6.242298D+00          -1.004800D-02
3.110944D+00          -8.830600D-02
1.509958D+00          -1.298240D-01
7.108450D-01          -7.693700D-02
2.731900D-01           2.126610D-01
1.042330D-01           5.730610D-01
3.829100D-02           3.696510D-01
P   1   1.00
3.829100D-02           1.000000D+00
P   1   1.00
1.407000D-02           1.000000D+00
D   8   1.00
1.133440D+02           3.530000D-03
3.364140D+01           2.578400D-02
1.233100D+01           9.911900D-02
4.994780D+00           2.390730D-01
2.072800D+00           3.571990D-01
8.307530D-01           3.621880D-01
3.091780D-01           2.364610D-01
1.001300D-01           6.011800D-02
D   8   1.00
1.133440D+02          -3.890000D-03
3.364140D+01          -2.844200D-02
1.233100D+01          -1.124290D-01
4.994780D+00          -2.742570D-01
2.072800D+00          -3.155460D-01
8.307530D-01           5.710900D-02
3.091780D-01           5.636040D-01
1.001300D-01           3.846370D-01
D   1   1.00
1.001300D-01           1.000000D+00
D   1   1.00
3.243000D-02           1.000000D+00
F   2   1.00
3.224300D+00           4.222490D-01
7.758000D-01           7.714680D-01
F   1   1.00
2.749000D-01           1.000000D+00
****
$end


