$molecule
-3 6
  C    3.0648546   -1.7468212   -0.8829892
  C    4.2853609   -2.3038772   -0.4961913
  C    5.4729390   -2.0482227   -1.2293582
  C    5.4013581   -1.2943339   -2.4086290
  C    4.1936943   -0.7061660   -2.8045894
  C    3.0344048   -0.8589992   -2.0233155
  H    4.3002767   -2.9278338    0.4021751
  O    1.9021996   -0.2274461   -2.2434662
  C    6.8273963   -2.3035478   -0.6791290
  O    7.8552643   -2.3104720   -1.3766074
  N    6.8872263   -2.4385285    0.6891143
  H    6.0219805   -2.2204535    1.1728731
  C    8.0882239   -2.0799953    1.4361399
  H    8.2444138   -2.8024618    2.2539235
  H    8.9373736   -2.1656089    0.7437957
  C    7.9761970   -0.6573639    2.0047312
  H    8.8386546   -0.4739573    2.6676141
  H    7.0791761   -0.6100922    2.6473777
  C    7.8834134    0.4595028    0.9275039
  H    7.8064854    0.0054965   -0.0730754
  H    8.8231136    1.0362774    0.9299111
  N    6.7757111    1.4119094    1.0572093
  H    6.7781315    1.7923207    2.0076749
  C    4.3440617    1.8780382    0.9609417
  H    3.3682707    1.3741755    0.8730556
  H    4.3936957    2.2675851    1.9947547
  C    5.4539055    0.8386035    0.7894968
  H    5.2214603   -0.0334985    1.4373750
  H    5.4581613    0.4484590   -0.2415465
  C    4.4115580    3.0470245   -0.0326612
  H    3.9794471    3.9545465    0.4138332
  H    5.4691952    3.2699060   -0.2519465
  C    3.6766684    2.7949810   -1.3588500
  H    4.0173035    1.8560907   -1.8160144
  H    3.9111438    3.6158631   -2.0581969
  N    2.2281191    2.6923714   -1.2082014
  H    1.7624626    1.8063881   -1.4191432
  C    1.4691631    3.7457158   -0.8329290
  O    1.9444992    4.8821686   -0.6687079
  C   -0.0165623    3.4912823   -0.6071602
  H   -0.5613324    3.7139517   -1.5379294
  H   -0.3331508    4.2348971    0.1358567
  C   -1.8527035    2.0008388    0.3867381
  H   -2.0082016    0.9815846    0.7681495
  H   -1.9656306    2.7172209    1.2130941
  C   -2.8778301    2.3362140   -0.6760370
  O   -3.1041350    3.5066866   -1.0219310
  N   -3.5155319    1.2741833   -1.2274388
  C   -4.4800139    1.3897366   -2.3111180
  H   -3.2520023    0.3416518   -0.9186610
  C   -5.9159748    1.0908289   -1.8699935
  H   -4.1856723    0.6937136   -3.1126844
  H   -4.4014108    2.4161292   -2.6972095
  C   -6.4581339    2.0763940   -0.8341386
  H   -6.5613190    1.1028867   -2.7673497
  H   -5.9579802    0.0645730   -1.4739718
  C   -7.8341203    1.6804388   -0.2713565
  H   -6.5369677    3.0823965   -1.2845312
  H   -5.7349429    2.1695195   -0.0066987
  H   -8.1904056    2.4888920    0.3931374
  H   -8.5577847    1.6147042   -1.1033857
  C   -5.8415242   -2.2973998   -0.0893568
  C   -4.2475082   -2.3633833   -1.9824832
  O   -6.8307514   -2.2052108   -0.8478590
  C   -4.4537405   -2.2191205   -0.6036270
  C   -2.9770981   -2.1866972   -2.5440561
  C   -3.3473245   -1.8941637    0.2253965
  C   -1.8744467   -1.8386078   -1.7394323
  C   -2.0704386   -1.7081315   -0.3109210
  H   -3.4683607   -1.7215634    1.2981697
  O   -0.6679789   -1.5865617   -2.1926078
  C   -0.3909741    2.0610511   -0.1593338
  O   -0.2414225    1.1713419   -1.2186646
  C    0.5184000    1.6487016    1.0369677
  O    1.0605445    0.4849177    0.9285802
  O    0.6650878    2.4198320    2.0008319
  H    4.1481247   -0.0644666   -3.6893129
  O    1.9161540   -1.9324116   -0.2491644
  H   -2.8277964   -2.2847023   -3.6232769
  O   -1.0088042   -1.3571568    0.3981876
 Fe    0.4797277   -0.6059448   -0.7844158
  N   -7.9118623    0.4208953    0.4759681
  H   -7.7024295   -0.3594075   -0.1527663
  N   -6.0048326   -2.4538325    1.2557616
  H   -5.1738579   -2.4966119    1.8337784
  C   -7.2702078   -2.1941782    1.9247661
  H   -8.0577735   -2.3076894    1.1689668
  H   -7.4342543   -2.9623242    2.6968379
  C   -7.3316955   -0.7986106    2.5667351
  H   -8.3474277   -0.6584809    2.9757867
  H   -6.6284779   -0.7619604    3.4173413
  C   -6.9978025    0.3555984    1.6179849
  H   -7.0884397    1.3030823    2.1772284
  H   -5.9319225    0.2777540    1.3186987
  H   -5.1058366   -2.5938159   -2.6148737
  H    6.3212826   -1.1045713   -2.9639862
$end

$rem
   BASIS  =  gen
   DFT_D  =  D3_BJ
   GUI  =  2
   JOB_TYPE  =  Optimization
   METHOD  =  B3LYP
   SCF_CONVERGENCE  =  8
   SOLVENT_METHOD  =  PCM
$end


$pcm
   THEORY  CPCM
$end


$solvent
   DIELECTRIC  78.39
$end


$van_der_waals
     26   2.44
$end


!----------------------------------------------------------------------
! Basis Set Exchange
! Basis set: cc-pVDZ
!----------------------------------------------------------------------


$rem
    BASIS GEN
    PURECART 11
$end


$basis
H     0
S   4   1.00
      1.301000D+01           1.968500D-02
      1.962000D+00           1.379770D-01
      4.446000D-01           4.781480D-01
      1.220000D-01           5.012400D-01
S   1   1.00
      1.220000D-01           1.000000D+00
P   1   1.00
      7.270000D-01           1.0000000
****
C     0
S   9   1.00
      6.665000D+03           6.920000D-04
      1.000000D+03           5.329000D-03
      2.280000D+02           2.707700D-02
      6.471000D+01           1.017180D-01
      2.106000D+01           2.747400D-01
      7.495000D+00           4.485640D-01
      2.797000D+00           2.850740D-01
      5.215000D-01           1.520400D-02
      1.596000D-01          -3.191000D-03
S   9   1.00
      6.665000D+03          -1.460000D-04
      1.000000D+03          -1.154000D-03
      2.280000D+02          -5.725000D-03
      6.471000D+01          -2.331200D-02
      2.106000D+01          -6.395500D-02
      7.495000D+00          -1.499810D-01
      2.797000D+00          -1.272620D-01
      5.215000D-01           5.445290D-01
      1.596000D-01           5.804960D-01
S   1   1.00
      1.596000D-01           1.000000D+00
P   4   1.00
      9.439000D+00           3.810900D-02
      2.002000D+00           2.094800D-01
      5.456000D-01           5.085570D-01
      1.517000D-01           4.688420D-01
P   1   1.00
      1.517000D-01           1.000000D+00
D   1   1.00
      5.500000D-01           1.0000000
****
N     0
S   9   1.00
      9.046000D+03           7.000000D-04
      1.357000D+03           5.389000D-03
      3.093000D+02           2.740600D-02
      8.773000D+01           1.032070D-01
      2.856000D+01           2.787230D-01
      1.021000D+01           4.485400D-01
      3.838000D+00           2.782380D-01
      7.466000D-01           1.544000D-02
      2.248000D-01          -2.864000D-03
S   9   1.00
      9.046000D+03          -1.530000D-04
      1.357000D+03          -1.208000D-03
      3.093000D+02          -5.992000D-03
      8.773000D+01          -2.454400D-02
      2.856000D+01          -6.745900D-02
      1.021000D+01          -1.580780D-01
      3.838000D+00          -1.218310D-01
      7.466000D-01           5.490030D-01
      2.248000D-01           5.788150D-01
S   1   1.00
      2.248000D-01           1.000000D+00
P   4   1.00
      1.355000D+01           3.991900D-02
      2.917000D+00           2.171690D-01
      7.973000D-01           5.103190D-01
      2.185000D-01           4.622140D-01
P   1   1.00
      2.185000D-01           1.000000D+00
D   1   1.00
      8.170000D-01           1.0000000
****
O     0
S   9   1.00
      1.172000D+04           7.100000D-04
      1.759000D+03           5.470000D-03
      4.008000D+02           2.783700D-02
      1.137000D+02           1.048000D-01
      3.703000D+01           2.830620D-01
      1.327000D+01           4.487190D-01
      5.025000D+00           2.709520D-01
      1.013000D+00           1.545800D-02
      3.023000D-01          -2.585000D-03
S   9   1.00
      1.172000D+04          -1.600000D-04
      1.759000D+03          -1.263000D-03
      4.008000D+02          -6.267000D-03
      1.137000D+02          -2.571600D-02
      3.703000D+01          -7.092400D-02
      1.327000D+01          -1.654110D-01
      5.025000D+00          -1.169550D-01
      1.013000D+00           5.573680D-01
      3.023000D-01           5.727590D-01
S   1   1.00
      3.023000D-01           1.000000D+00
P   4   1.00
      1.770000D+01           4.301800D-02
      3.854000D+00           2.289130D-01
      1.046000D+00           5.087280D-01
      2.753000D-01           4.605310D-01
P   1   1.00
      2.753000D-01           1.000000D+00
D   1   1.00
      1.185000D+00           1.0000000
****
Fe     0
S   20   1.00
      4.316265D+06           8.048803D-06
      6.463424D+05           6.258306D-05
      1.470897D+05           3.290239D-04
      4.166152D+04           1.387355D-03
      1.359077D+04           5.023256D-03
      4.905750D+03           1.610140D-02
      1.912746D+03           4.590034D-02
      7.926043D+02           1.136154D-01
      3.448065D+02           2.283869D-01
      1.558999D+02           3.221159D-01
      7.223091D+01           2.383661D-01
      3.272506D+01           7.404667D-02
      1.566762D+01           9.214197D-02
      7.503483D+00           9.339790D-02
      3.312223D+00           1.573965D-02
      1.558471D+00          -4.186682D-04
      6.839140D-01           5.376318D-05
      1.467570D-01          -3.816654D-05
      7.058300D-02           4.319603D-05
      3.144900D-02          -3.401019D-06
S   20   1.00
      4.316265D+06          -4.155954D-06
      6.463424D+05          -3.231401D-05
      1.470897D+05          -1.699525D-04
      4.166152D+04          -7.171369D-04
      1.359077D+04          -2.603625D-03
      4.905750D+03          -8.399109D-03
      1.912746D+03          -2.434109D-02
      7.926043D+02          -6.251948D-02
      3.448065D+02          -1.365929D-01
      1.558999D+02          -2.312707D-01
      7.223091D+01          -2.383734D-01
      3.272506D+01           3.123837D-02
      1.566762D+01           5.086818D-01
      7.503483D+00           4.987695D-01
      3.312223D+00           9.033552D-02
      1.558471D+00          -6.005337D-03
      6.839140D-01           2.312454D-04
      1.467570D-01          -5.643680D-04
      7.058300D-02           4.992260D-04
      3.144900D-02          -1.015293D-04
S   20   1.00
      4.316265D+06           9.532178D-07
      6.463424D+05           7.414605D-06
      1.470897D+05           3.898393D-05
      4.166152D+04           1.647152D-04
      1.359077D+04           5.985980D-04
      4.905750D+03           1.942390D-03
      1.912746D+03           5.687237D-03
      7.926043D+02           1.501329D-02
      3.448065D+02           3.452455D-02
      1.558999D+02           6.495820D-02
      7.223091D+01           7.716194D-02
      3.272506D+01          -1.873411D-02
      1.566762D+01          -3.009185D-01
      7.503483D+00          -4.554661D-01
      3.312223D+00           1.286463D-01
      1.558471D+00           7.183316D-01
      6.839140D-01           4.051743D-01
      1.467570D-01           2.168227D-02
      7.058300D-02          -8.343566D-03
      3.144900D-02           3.658979D-03
S   20   1.00
      4.316265D+06          -2.063008D-07
      6.463424D+05          -1.604169D-06
      1.470897D+05          -8.438437D-06
      4.166152D+04          -3.563151D-05
      1.359077D+04          -1.295998D-04
      4.905750D+03          -4.201534D-04
      1.912746D+03          -1.231954D-03
      7.926043D+02          -3.248922D-03
      3.448065D+02          -7.493717D-03
      1.558999D+02          -1.410102D-02
      7.223091D+01          -1.691600D-02
      3.272506D+01           4.218996D-03
      1.566762D+01           6.833810D-02
      7.503483D+00           1.098201D-01
      3.312223D+00          -4.009005D-02
      1.558471D+00          -2.174739D-01
      6.839140D-01          -2.465135D-01
      1.467570D-01           2.731435D-01
      7.058300D-02           5.748321D-01
      3.144900D-02           3.012713D-01
S   20   1.00
      4.316265D+06          -4.009367D-07
      6.463424D+05          -3.189255D-06
      1.470897D+05          -1.623079D-05
      4.166152D+04          -7.157920D-05
      1.359077D+04          -2.463958D-04
      4.905750D+03          -8.544907D-04
      1.912746D+03          -2.307593D-03
      7.926043D+02          -6.728292D-03
      3.448065D+02          -1.366165D-02
      1.558999D+02          -3.062240D-02
      7.223091D+01          -2.631137D-02
      3.272506D+01          -9.760183D-03
      1.566762D+01           1.801906D-01
      7.503483D+00           1.529634D-01
      3.312223D+00           5.505413D-02
      1.558471D+00          -9.551364D-01
      6.839140D-01           2.586813D-01
      1.467570D-01           1.834049D+00
      7.058300D-02          -9.333240D-01
      3.144900D-02          -6.981605D-01
S   1   1.00
      3.144900D-02           1.000000D+00
P   16   1.00
      1.774569D+04           4.100000D-05
      4.200721D+03           3.690000D-04
      1.364429D+03           2.129000D-03
      5.220806D+02           9.369000D-03
      2.214595D+02           3.309700D-02
      1.009096D+02           9.443100D-02
      4.840115D+01           2.080770D-01
      2.398536D+01           3.323330D-01
      1.218250D+01           3.329870D-01
      6.242298D+00           1.568430D-01
      3.110944D+00           2.154900D-02
      1.509958D+00          -2.095000D-03
      7.108450D-01          -1.739000D-03
      2.731900D-01          -3.000000D-04
      1.042330D-01           2.900000D-05
      3.829100D-02          -1.100000D-05
P   16   1.00
      1.774569D+04          -1.500000D-05
      4.200721D+03          -1.300000D-04
      1.364429D+03          -7.510000D-04
      5.220806D+02          -3.329000D-03
      2.214595D+02          -1.191200D-02
      1.009096D+02          -3.493300D-02
      4.840115D+01          -7.998900D-02
      2.398536D+01          -1.346360D-01
      1.218250D+01          -1.385980D-01
      6.242298D+00           3.027800D-02
      3.110944D+00           3.332160D-01
      1.509958D+00           4.561530D-01
      7.108450D-01           2.850510D-01
      2.731900D-01           4.614400D-02
      1.042330D-01          -3.249000D-03
      3.829100D-02           1.357000D-03
P   16   1.00
      1.774569D+04           5.000000D-06
      4.200721D+03           4.200000D-05
      1.364429D+03           2.410000D-04
      5.220806D+02           1.085000D-03
      2.214595D+02           3.831000D-03
      1.009096D+02           1.142300D-02
      4.840115D+01           2.579200D-02
      2.398536D+01           4.481800D-02
      1.218250D+01           4.459800D-02
      6.242298D+00          -1.117700D-02
      3.110944D+00          -1.381340D-01
      1.509958D+00          -1.882850D-01
      7.108450D-01          -1.073990D-01
      2.731900D-01           4.448630D-01
      1.042330D-01           6.402390D-01
      3.829100D-02           6.445700D-02
P   16   1.00
      1.774569D+04           3.000000D-06
      4.200721D+03           2.900000D-05
      1.364429D+03           1.650000D-04
      5.220806D+02           7.340000D-04
      2.214595D+02           2.626000D-03
      1.009096D+02           7.725000D-03
      4.840115D+01           1.773300D-02
      2.398536D+01           3.005500D-02
      1.218250D+01           3.109400D-02
      6.242298D+00          -1.004800D-02
      3.110944D+00          -8.830600D-02
      1.509958D+00          -1.298240D-01
      7.108450D-01          -7.693700D-02
      2.731900D-01           2.126610D-01
      1.042330D-01           5.730610D-01
      3.829100D-02           3.696510D-01
P   1   1.00
      3.829100D-02           1.000000D+00
D   8   1.00
      1.133440D+02           3.530000D-03
      3.364140D+01           2.578400D-02
      1.233100D+01           9.911900D-02
      4.994780D+00           2.390730D-01
      2.072800D+00           3.571990D-01
      8.307530D-01           3.621880D-01
      3.091780D-01           2.364610D-01
      1.001300D-01           6.011800D-02
D   8   1.00
      1.133440D+02          -3.890000D-03
      3.364140D+01          -2.844200D-02
      1.233100D+01          -1.124290D-01
      4.994780D+00          -2.742570D-01
      2.072800D+00          -3.155460D-01
      8.307530D-01           5.710900D-02
      3.091780D-01           5.636040D-01
      1.001300D-01           3.846370D-01
D   1   1.00
      1.001300D-01           1.000000D+00
F   2   1.00
      3.224300D+00           4.222490D-01
      7.758000D-01           7.714680D-01
****
$end


