$molecule
-3 6
  C    2.2952168   -2.3970518    0.7703194
  C    3.2313232   -3.3226027    1.2252678
  C    4.4854785   -3.3856052    0.6032160
  C    4.7766536   -2.5606231   -0.5077966
  C    3.7988521   -1.6622512   -0.9721533
  C    2.5867489   -1.5654686   -0.3013855
  H    3.0054480   -3.9603036    2.0699531
  H    5.2188111   -4.0812714    0.9876907
  O    1.6543459   -0.6617446   -0.6252389
  C    6.1205806   -2.5228488   -1.1331255
  O    6.2329841   -2.1755946   -2.3007061
  N    7.2232757   -2.6932002   -0.3521002
  H    7.0831348   -2.8727453    0.6533096
  C    8.5467851   -2.2184873   -0.7214574
  H    9.2837987   -2.8654012   -0.1978913
  H    8.7491700   -2.2896177   -1.8123606
  C    8.6981817   -0.7680150   -0.2004377
  H    9.7677304   -0.4723180   -0.1306243
  H    8.2987179   -0.7523897    0.8361946
  C    7.9835209    0.2665938   -1.1104621
  H    7.1902960   -0.1755399   -1.7230081
  H    8.7191210    0.6339097   -1.8585082
  N    7.3920430    1.3986267   -0.3799216
  H    8.0673519    1.7952521    0.3143498
  C    5.3093110    2.2881453    0.6589206
  H    4.4172066    1.9948028    1.2547333
  H    5.9624595    2.9090483    1.3067375
  C    6.1157698    1.0330771    0.2706175
  H    6.3215982    0.4338543    1.1830478
  H    5.4935563    0.4076406   -0.3970468
  C    4.8480458    3.1346608   -0.5507557
  H    4.4836633    4.1182517   -0.1891894
  H    5.7245642    3.3241674   -1.2062044
  C    3.7207412    2.4773144   -1.3732207
  H    4.0326233    1.4600661   -1.6789970
  H    3.5429675    3.0427041   -2.3144029
  N    2.4700465    2.4044179   -0.6308381
  H    2.1477205    1.4925686   -0.3301410
  C    1.6707688    3.4814357   -0.4130348
  O    2.0154618    4.5813789   -0.8235915
  C    0.3182754    3.3929695    0.2794789
  H   -0.4141915    3.7505423   -0.4740028
  H    0.3486930    4.1565972    1.0904273
  C   -1.6266623    2.3788574    1.5405121
  H   -2.0648171    1.5273152    2.0910821
  H   -1.5165582    3.2109387    2.2725626
  C   -2.5979066    2.8000455    0.4404945
  O   -2.9750311    3.9630175    0.3968661
  N   -2.9741051    1.9130678   -0.5281839
  C   -3.6401934    2.2937672   -1.7606113
  H   -2.6956141    0.9279157   -0.4461656
  C   -4.9726691    1.5643413   -1.9795272
  H   -2.9594401    2.0157250   -2.5951942
  H   -3.7987218    3.3921687   -1.8318607
  C   -6.0717867    2.0825336   -1.0409787
  H   -5.2774208    1.8022413   -3.0223337
  H   -4.8441640    0.4627580   -1.9006034
  C   -7.4912965    1.6879204   -1.5058587
  H   -6.0473471    3.1931749   -1.0928520
  H   -5.8738888    1.7877993    0.0113597
  H   -8.2350829    2.2766982   -0.9267713
  H   -7.6142093    1.9977662   -2.5661451
  C   -5.6713314   -2.6353170   -0.5722645
  C   -4.4283871   -2.2659469    0.1637086
  O   -5.6426103   -2.6638536   -1.7957350
  C   -4.4752607   -1.8650725    1.5237919
  C   -3.1957770   -2.1920027   -0.5237236
  C   -3.3494118   -1.3407426    2.1520366
  H   -5.3759459   -1.8843527    2.1125961
  C   -2.0724475   -1.6860016    0.1320867
  C   -2.1675042   -1.2263312    1.4380676
  H   -3.4085447   -0.9988132    3.1772736
  O   -0.8599535   -1.6005434   -0.4401400
  C   -0.2138114    2.0562449    0.9314571
  O   -0.3837620    1.0199056   -0.0281937
  C    0.7950940    1.5996347    1.9819379
  O    1.3726160    0.3905374    1.8193004
  O    1.1319385    2.3268524    2.9037987
  H    4.0015229   -0.9919723   -1.7983786
  O    1.0862500   -2.2400707    1.3295497
  H   -3.1129003   -2.4908670   -1.5616663
  O   -1.0749262   -0.6567001    1.9559017
 Fe    0.3120358   -0.6462286    0.6897439
  N   -7.8099291    0.2556544   -1.3984026
  H   -7.0744597   -0.3333611   -1.8502148
  N   -6.8563448   -2.7877647    0.0850633
  H   -6.8906512   -2.8474723    1.1091975
  C   -8.1401207   -2.6908811   -0.5740695
  H   -8.0375123   -2.5442863   -1.6704840
  H   -8.7307547   -3.6160134   -0.4034906
  C   -8.8773240   -1.4823720    0.0322779
  H   -9.8554309   -1.3434183   -0.4748558
  H   -9.0782288   -1.7029564    1.1046239
  C   -8.0665483   -0.1663108   -0.0154267
  H   -8.6765339    0.5987566    0.5130699
  H   -7.1062829   -0.2633824    0.5386876
$end

$rem
   BASIS  =  gen
   DFT_D  =  D3_BJ
   GUI  =  2
   JOB_TYPE  =  Optimization
   METHOD  =  B3LYP
   BASIS GEN
   PURECART 11
   SCF_CONVERGENCE  =  8
   SOLVENT_METHOD  =  PCM
$end

$pcm
   THEORY  CPCM
$end

$solvent
   DIELECTRIC  78.39
$end

$van_der_waals
     26   2.44
$end

$basis
H     0
S   4   1.00
      1.301000D+01           1.968500D-02
      1.962000D+00           1.379770D-01
      4.446000D-01           4.781480D-01
      1.220000D-01           5.012400D-01
S   1   1.00
      1.220000D-01           1.000000D+00
P   1   1.00
      7.270000D-01           1.0000000
****
C     0
S   9   1.00
      6.665000D+03           6.920000D-04
      1.000000D+03           5.329000D-03
      2.280000D+02           2.707700D-02
      6.471000D+01           1.017180D-01
      2.106000D+01           2.747400D-01
      7.495000D+00           4.485640D-01
      2.797000D+00           2.850740D-01
      5.215000D-01           1.520400D-02
      1.596000D-01          -3.191000D-03
S   9   1.00
      6.665000D+03          -1.460000D-04
      1.000000D+03          -1.154000D-03
      2.280000D+02          -5.725000D-03
      6.471000D+01          -2.331200D-02
      2.106000D+01          -6.395500D-02
      7.495000D+00          -1.499810D-01
      2.797000D+00          -1.272620D-01
      5.215000D-01           5.445290D-01
      1.596000D-01           5.804960D-01
S   1   1.00
      1.596000D-01           1.000000D+00
P   4   1.00
      9.439000D+00           3.810900D-02
      2.002000D+00           2.094800D-01
      5.456000D-01           5.085570D-01
      1.517000D-01           4.688420D-01
P   1   1.00
      1.517000D-01           1.000000D+00
D   1   1.00
      5.500000D-01           1.0000000
****
N     0
S   9   1.00
      9.046000D+03           7.000000D-04
      1.357000D+03           5.389000D-03
      3.093000D+02           2.740600D-02
      8.773000D+01           1.032070D-01
      2.856000D+01           2.787230D-01
      1.021000D+01           4.485400D-01
      3.838000D+00           2.782380D-01
      7.466000D-01           1.544000D-02
      2.248000D-01          -2.864000D-03
S   9   1.00
      9.046000D+03          -1.530000D-04
      1.357000D+03          -1.208000D-03
      3.093000D+02          -5.992000D-03
      8.773000D+01          -2.454400D-02
      2.856000D+01          -6.745900D-02
      1.021000D+01          -1.580780D-01
      3.838000D+00          -1.218310D-01
      7.466000D-01           5.490030D-01
      2.248000D-01           5.788150D-01
S   1   1.00
      2.248000D-01           1.000000D+00
P   4   1.00
      1.355000D+01           3.991900D-02
      2.917000D+00           2.171690D-01
      7.973000D-01           5.103190D-01
      2.185000D-01           4.622140D-01
P   1   1.00
      2.185000D-01           1.000000D+00
D   1   1.00
      8.170000D-01           1.0000000
****
O     0
S   9   1.00
      1.172000D+04           7.100000D-04
      1.759000D+03           5.470000D-03
      4.008000D+02           2.783700D-02
      1.137000D+02           1.048000D-01
      3.703000D+01           2.830620D-01
      1.327000D+01           4.487190D-01
      5.025000D+00           2.709520D-01
      1.013000D+00           1.545800D-02
      3.023000D-01          -2.585000D-03
S   9   1.00
      1.172000D+04          -1.600000D-04
      1.759000D+03          -1.263000D-03
      4.008000D+02          -6.267000D-03
      1.137000D+02          -2.571600D-02
      3.703000D+01          -7.092400D-02
      1.327000D+01          -1.654110D-01
      5.025000D+00          -1.169550D-01
      1.013000D+00           5.573680D-01
      3.023000D-01           5.727590D-01
S   1   1.00
      3.023000D-01           1.000000D+00
P   4   1.00
      1.770000D+01           4.301800D-02
      3.854000D+00           2.289130D-01
      1.046000D+00           5.087280D-01
      2.753000D-01           4.605310D-01
P   1   1.00
      2.753000D-01           1.000000D+00
D   1   1.00
      1.185000D+00           1.0000000
****
Fe     0
S   20   1.00
      4.316265D+06           8.048803D-06
      6.463424D+05           6.258306D-05
      1.470897D+05           3.290239D-04
      4.166152D+04           1.387355D-03
      1.359077D+04           5.023256D-03
      4.905750D+03           1.610140D-02
      1.912746D+03           4.590034D-02
      7.926043D+02           1.136154D-01
      3.448065D+02           2.283869D-01
      1.558999D+02           3.221159D-01
      7.223091D+01           2.383661D-01
      3.272506D+01           7.404667D-02
      1.566762D+01           9.214197D-02
      7.503483D+00           9.339790D-02
      3.312223D+00           1.573965D-02
      1.558471D+00          -4.186682D-04
      6.839140D-01           5.376318D-05
      1.467570D-01          -3.816654D-05
      7.058300D-02           4.319603D-05
      3.144900D-02          -3.401019D-06
S   20   1.00
      4.316265D+06          -4.155954D-06
      6.463424D+05          -3.231401D-05
      1.470897D+05          -1.699525D-04
      4.166152D+04          -7.171369D-04
      1.359077D+04          -2.603625D-03
      4.905750D+03          -8.399109D-03
      1.912746D+03          -2.434109D-02
      7.926043D+02          -6.251948D-02
      3.448065D+02          -1.365929D-01
      1.558999D+02          -2.312707D-01
      7.223091D+01          -2.383734D-01
      3.272506D+01           3.123837D-02
      1.566762D+01           5.086818D-01
      7.503483D+00           4.987695D-01
      3.312223D+00           9.033552D-02
      1.558471D+00          -6.005337D-03
      6.839140D-01           2.312454D-04
      1.467570D-01          -5.643680D-04
      7.058300D-02           4.992260D-04
      3.144900D-02          -1.015293D-04
S   20   1.00
      4.316265D+06           9.532178D-07
      6.463424D+05           7.414605D-06
      1.470897D+05           3.898393D-05
      4.166152D+04           1.647152D-04
      1.359077D+04           5.985980D-04
      4.905750D+03           1.942390D-03
      1.912746D+03           5.687237D-03
      7.926043D+02           1.501329D-02
      3.448065D+02           3.452455D-02
      1.558999D+02           6.495820D-02
      7.223091D+01           7.716194D-02
      3.272506D+01          -1.873411D-02
      1.566762D+01          -3.009185D-01
      7.503483D+00          -4.554661D-01
      3.312223D+00           1.286463D-01
      1.558471D+00           7.183316D-01
      6.839140D-01           4.051743D-01
      1.467570D-01           2.168227D-02
      7.058300D-02          -8.343566D-03
      3.144900D-02           3.658979D-03
S   20   1.00
      4.316265D+06          -2.063008D-07
      6.463424D+05          -1.604169D-06
      1.470897D+05          -8.438437D-06
      4.166152D+04          -3.563151D-05
      1.359077D+04          -1.295998D-04
      4.905750D+03          -4.201534D-04
      1.912746D+03          -1.231954D-03
      7.926043D+02          -3.248922D-03
      3.448065D+02          -7.493717D-03
      1.558999D+02          -1.410102D-02
      7.223091D+01          -1.691600D-02
      3.272506D+01           4.218996D-03
      1.566762D+01           6.833810D-02
      7.503483D+00           1.098201D-01
      3.312223D+00          -4.009005D-02
      1.558471D+00          -2.174739D-01
      6.839140D-01          -2.465135D-01
      1.467570D-01           2.731435D-01
      7.058300D-02           5.748321D-01
      3.144900D-02           3.012713D-01
S   20   1.00
      4.316265D+06          -4.009367D-07
      6.463424D+05          -3.189255D-06
      1.470897D+05          -1.623079D-05
      4.166152D+04          -7.157920D-05
      1.359077D+04          -2.463958D-04
      4.905750D+03          -8.544907D-04
      1.912746D+03          -2.307593D-03
      7.926043D+02          -6.728292D-03
      3.448065D+02          -1.366165D-02
      1.558999D+02          -3.062240D-02
      7.223091D+01          -2.631137D-02
      3.272506D+01          -9.760183D-03
      1.566762D+01           1.801906D-01
      7.503483D+00           1.529634D-01
      3.312223D+00           5.505413D-02
      1.558471D+00          -9.551364D-01
      6.839140D-01           2.586813D-01
      1.467570D-01           1.834049D+00
      7.058300D-02          -9.333240D-01
      3.144900D-02          -6.981605D-01
S   1   1.00
      3.144900D-02           1.000000D+00
P   16   1.00
      1.774569D+04           4.100000D-05
      4.200721D+03           3.690000D-04
      1.364429D+03           2.129000D-03
      5.220806D+02           9.369000D-03
      2.214595D+02           3.309700D-02
      1.009096D+02           9.443100D-02
      4.840115D+01           2.080770D-01
      2.398536D+01           3.323330D-01
      1.218250D+01           3.329870D-01
      6.242298D+00           1.568430D-01
      3.110944D+00           2.154900D-02
      1.509958D+00          -2.095000D-03
      7.108450D-01          -1.739000D-03
      2.731900D-01          -3.000000D-04
      1.042330D-01           2.900000D-05
      3.829100D-02          -1.100000D-05
P   16   1.00
      1.774569D+04          -1.500000D-05
      4.200721D+03          -1.300000D-04
      1.364429D+03          -7.510000D-04
      5.220806D+02          -3.329000D-03
      2.214595D+02          -1.191200D-02
      1.009096D+02          -3.493300D-02
      4.840115D+01          -7.998900D-02
      2.398536D+01          -1.346360D-01
      1.218250D+01          -1.385980D-01
      6.242298D+00           3.027800D-02
      3.110944D+00           3.332160D-01
      1.509958D+00           4.561530D-01
      7.108450D-01           2.850510D-01
      2.731900D-01           4.614400D-02
      1.042330D-01          -3.249000D-03
      3.829100D-02           1.357000D-03
P   16   1.00
      1.774569D+04           5.000000D-06
      4.200721D+03           4.200000D-05
      1.364429D+03           2.410000D-04
      5.220806D+02           1.085000D-03
      2.214595D+02           3.831000D-03
      1.009096D+02           1.142300D-02
      4.840115D+01           2.579200D-02
      2.398536D+01           4.481800D-02
      1.218250D+01           4.459800D-02
      6.242298D+00          -1.117700D-02
      3.110944D+00          -1.381340D-01
      1.509958D+00          -1.882850D-01
      7.108450D-01          -1.073990D-01
      2.731900D-01           4.448630D-01
      1.042330D-01           6.402390D-01
      3.829100D-02           6.445700D-02
P   16   1.00
      1.774569D+04           3.000000D-06
      4.200721D+03           2.900000D-05
      1.364429D+03           1.650000D-04
      5.220806D+02           7.340000D-04
      2.214595D+02           2.626000D-03
      1.009096D+02           7.725000D-03
      4.840115D+01           1.773300D-02
      2.398536D+01           3.005500D-02
      1.218250D+01           3.109400D-02
      6.242298D+00          -1.004800D-02
      3.110944D+00          -8.830600D-02
      1.509958D+00          -1.298240D-01
      7.108450D-01          -7.693700D-02
      2.731900D-01           2.126610D-01
      1.042330D-01           5.730610D-01
      3.829100D-02           3.696510D-01
P   1   1.00
      3.829100D-02           1.000000D+00
D   8   1.00
      1.133440D+02           3.530000D-03
      3.364140D+01           2.578400D-02
      1.233100D+01           9.911900D-02
      4.994780D+00           2.390730D-01
      2.072800D+00           3.571990D-01
      8.307530D-01           3.621880D-01
      3.091780D-01           2.364610D-01
      1.001300D-01           6.011800D-02
D   8   1.00
      1.133440D+02          -3.890000D-03
      3.364140D+01          -2.844200D-02
      1.233100D+01          -1.124290D-01
      4.994780D+00          -2.742570D-01
      2.072800D+00          -3.155460D-01
      8.307530D-01           5.710900D-02
      3.091780D-01           5.636040D-01
      1.001300D-01           3.846370D-01
D   1   1.00
      1.001300D-01           1.000000D+00
F   2   1.00
      3.224300D+00           4.222490D-01
      7.758000D-01           7.714680D-01
****
$end



