$molecule
-3 6
  C    2.6146177   -2.0842359   -0.9736689
  C    3.4701671   -3.0685982   -0.5740893
  C    4.7915540   -2.9736734   -0.8604412
  C    5.3292574   -1.8625520   -1.5081104
  C    4.4430590   -0.8915220   -2.1014527
  C    3.0371605   -1.0260038   -1.7775457
  H    3.1414215   -3.8727122    0.0533496
  O    2.0309866   -0.1607443   -2.0789938
  C    6.7885451   -1.7464762   -1.1571419
  O    7.6691076   -1.3831193   -1.9252758
  N    7.0170524   -1.9494188    0.1991783
  H    6.1964061   -2.0816951    0.8108426
  C    8.2025691   -1.8512397    1.0135002
  H    8.2223490   -2.7412653    1.6944772
  H    9.1355372   -1.8330792    0.4248752
  C    8.0313532   -0.5882278    1.8735141
  H    8.8543555   -0.4806294    2.6136661
  H    7.1048748   -0.6908706    2.4850469
  C    7.9509778    0.6528017    0.9456480
  H    7.9462570    0.3757028   -0.1250113
  H    8.8931798    1.2241388    1.0605179
  N    6.7917231    1.5236844    1.2008081
  H    6.7818916    1.8065604    2.2063487
  C    4.3642895    1.9608810    0.9933153
  H    3.3752150    1.4764754    0.9199303
  H    4.4599219    2.3430491    2.0305479
  C    5.4921576    0.9288186    0.8180307
  H    5.2625717    0.0639155    1.4779186
  H    5.5095267    0.5767321   -0.2279358
  C    4.4360178    3.1483279    0.0036697
  H    3.9322461    4.0197560    0.4613501
  H    5.5005910    3.4206973   -0.1503005
  C    3.7517570    2.8938531   -1.3582947
  H    4.1609857    1.9618036   -1.7923536
  H    3.9682481    3.7177558   -2.0680330
  N    2.3093895    2.7696884   -1.2237608
  H    1.8902242    1.8833301   -1.4417586
  C    1.4583656    3.7580727   -0.8539561
  O    1.8756101    4.8909372   -0.6634309
  C   -0.0246166    3.4772934   -0.6445291
  H   -0.5973204    3.8263237   -1.5308207
  H   -0.3219716    4.1489890    0.1911783
  C   -1.8696020    2.0425511    0.3781396
  H   -2.0954576    1.0413054    0.7934501
  H   -1.9776408    2.7438378    1.2381144
  C   -2.8881964    2.3612604   -0.6960757
  O   -3.0025491    3.5033617   -1.1157481
  N   -3.6273733    1.3528275   -1.2235248
  C   -4.5516564    1.4891470   -2.3271601
  H   -3.5149287    0.4152361   -0.8418940
  C   -5.9530350    1.0890918   -1.8654720
  H   -4.2198349    0.8032962   -3.1388601
  H   -4.5619086    2.5203923   -2.7379998
  C   -6.4658555    2.0723096   -0.8020019
  H   -6.6387200    1.0941245   -2.7392317
  H   -5.9065367    0.0579892   -1.4617989
  C   -7.8632875    1.7215602   -0.2552047
  H   -6.5205850    3.0784299   -1.2718711
  H   -5.7494279    2.1468953    0.0416050
  H   -8.1871145    2.5396587    0.4224259
  H   -8.5824339    1.6903964   -1.1021973
  C   -5.6477403   -2.4065275   -0.0324446
  C   -4.0498417   -2.4058268   -1.9888431
  O   -6.5801668   -2.5326202   -0.8159997
  C   -4.2579246   -2.2476034   -0.5966083
  C   -2.7922879   -2.1688710   -2.5764325
  C   -3.1582272   -1.8318243    0.1930234
  C   -1.7293842   -1.7206620   -1.7897541
  C   -1.9282026   -1.5386057   -0.4224616
  H   -3.2519430   -1.6482424    1.2531847
  O   -0.5000372   -1.4057157   -2.2880333
  C   -0.4294717    2.0175840   -0.2169392
  O   -0.4300144    1.1519463   -1.3506786
  C    0.5658108    1.4927284    0.8131455
  O    1.2528697    0.3589873    0.5255878
  O    0.7713725    2.0944397    1.8563797
  H    4.8191472   -0.0121500   -2.6269563
  O    1.3522290   -2.0982258   -0.5331790
  H   -2.6668305   -2.2890884   -3.6424543
  O   -0.9053043   -0.9995101    0.2494199
 Fe    0.4820630   -0.5136605   -0.9361086
  N   -7.9357337    0.4432481    0.4762065
  H   -7.7572419   -0.3469972   -0.1803172
  N   -5.9062335   -2.3152746    1.3082823
  H   -5.1371092   -2.2544253    1.9851409
  C   -7.2488684   -2.1857435    1.8579002
  H   -8.0368688   -2.2581565    1.0779281
  H   -7.4423978   -2.9976463    2.5931793
  C   -7.3667481   -0.8173304    2.5563508
  H   -8.3910505   -0.6910162    2.9684325
  H   -6.6526573   -0.7965045    3.4100880
  C   -7.0272261    0.3726768    1.6329269
  H   -7.1071310    1.3035694    2.2361165
  H   -5.9736634    0.2762238    1.2887069
  H   -4.8717644   -2.6937328   -2.6322710
  H    5.4431102   -3.7314118   -0.4436871
$end

$rem
   BASIS  =  gen
   DFT_D  =  D3_BJ
   GUI  =  2
   JOB_TYPE  =  Optimization
   METHOD  =  B3LYP
   SCF_CONVERGENCE  =  8
   SOLVENT_METHOD  =  PCM
$end

$pcm
   THEORY  CPCM
$end

$solvent
   DIELECTRIC  78.39
$end

$van_der_waals
     26   2.44
$end

!----------------------------------------------------------------------
! Basis Set Exchange
! Basis set: cc-pVDZ
!----------------------------------------------------------------------

$rem
    BASIS GEN
    PURECART 11
$end

$basis
H     0
S   4   1.00
      1.301000D+01           1.968500D-02
      1.962000D+00           1.379770D-01
      4.446000D-01           4.781480D-01
      1.220000D-01           5.012400D-01
S   1   1.00
      1.220000D-01           1.000000D+00
P   1   1.00
      7.270000D-01           1.0000000
****
C     0
S   9   1.00
      6.665000D+03           6.920000D-04
      1.000000D+03           5.329000D-03
      2.280000D+02           2.707700D-02
      6.471000D+01           1.017180D-01
      2.106000D+01           2.747400D-01
      7.495000D+00           4.485640D-01
      2.797000D+00           2.850740D-01
      5.215000D-01           1.520400D-02
      1.596000D-01          -3.191000D-03
S   9   1.00
      6.665000D+03          -1.460000D-04
      1.000000D+03          -1.154000D-03
      2.280000D+02          -5.725000D-03
      6.471000D+01          -2.331200D-02
      2.106000D+01          -6.395500D-02
      7.495000D+00          -1.499810D-01
      2.797000D+00          -1.272620D-01
      5.215000D-01           5.445290D-01
      1.596000D-01           5.804960D-01
S   1   1.00
      1.596000D-01           1.000000D+00
P   4   1.00
      9.439000D+00           3.810900D-02
      2.002000D+00           2.094800D-01
      5.456000D-01           5.085570D-01
      1.517000D-01           4.688420D-01
P   1   1.00
      1.517000D-01           1.000000D+00
D   1   1.00
      5.500000D-01           1.0000000
****
N     0
S   9   1.00
      9.046000D+03           7.000000D-04
      1.357000D+03           5.389000D-03
      3.093000D+02           2.740600D-02
      8.773000D+01           1.032070D-01
      2.856000D+01           2.787230D-01
      1.021000D+01           4.485400D-01
      3.838000D+00           2.782380D-01
      7.466000D-01           1.544000D-02
      2.248000D-01          -2.864000D-03
S   9   1.00
      9.046000D+03          -1.530000D-04
      1.357000D+03          -1.208000D-03
      3.093000D+02          -5.992000D-03
      8.773000D+01          -2.454400D-02
      2.856000D+01          -6.745900D-02
      1.021000D+01          -1.580780D-01
      3.838000D+00          -1.218310D-01
      7.466000D-01           5.490030D-01
      2.248000D-01           5.788150D-01
S   1   1.00
      2.248000D-01           1.000000D+00
P   4   1.00
      1.355000D+01           3.991900D-02
      2.917000D+00           2.171690D-01
      7.973000D-01           5.103190D-01
      2.185000D-01           4.622140D-01
P   1   1.00
      2.185000D-01           1.000000D+00
D   1   1.00
      8.170000D-01           1.0000000
****
O     0
S   9   1.00
      1.172000D+04           7.100000D-04
      1.759000D+03           5.470000D-03
      4.008000D+02           2.783700D-02
      1.137000D+02           1.048000D-01
      3.703000D+01           2.830620D-01
      1.327000D+01           4.487190D-01
      5.025000D+00           2.709520D-01
      1.013000D+00           1.545800D-02
      3.023000D-01          -2.585000D-03
S   9   1.00
      1.172000D+04          -1.600000D-04
      1.759000D+03          -1.263000D-03
      4.008000D+02          -6.267000D-03
      1.137000D+02          -2.571600D-02
      3.703000D+01          -7.092400D-02
      1.327000D+01          -1.654110D-01
      5.025000D+00          -1.169550D-01
      1.013000D+00           5.573680D-01
      3.023000D-01           5.727590D-01
S   1   1.00
      3.023000D-01           1.000000D+00
P   4   1.00
      1.770000D+01           4.301800D-02
      3.854000D+00           2.289130D-01
      1.046000D+00           5.087280D-01
      2.753000D-01           4.605310D-01
P   1   1.00
      2.753000D-01           1.000000D+00
D   1   1.00
      1.185000D+00           1.0000000
****
Fe     0
S   20   1.00
      4.316265D+06           8.048803D-06
      6.463424D+05           6.258306D-05
      1.470897D+05           3.290239D-04
      4.166152D+04           1.387355D-03
      1.359077D+04           5.023256D-03
      4.905750D+03           1.610140D-02
      1.912746D+03           4.590034D-02
      7.926043D+02           1.136154D-01
      3.448065D+02           2.283869D-01
      1.558999D+02           3.221159D-01
      7.223091D+01           2.383661D-01
      3.272506D+01           7.404667D-02
      1.566762D+01           9.214197D-02
      7.503483D+00           9.339790D-02
      3.312223D+00           1.573965D-02
      1.558471D+00          -4.186682D-04
      6.839140D-01           5.376318D-05
      1.467570D-01          -3.816654D-05
      7.058300D-02           4.319603D-05
      3.144900D-02          -3.401019D-06
S   20   1.00
      4.316265D+06          -4.155954D-06
      6.463424D+05          -3.231401D-05
      1.470897D+05          -1.699525D-04
      4.166152D+04          -7.171369D-04
      1.359077D+04          -2.603625D-03
      4.905750D+03          -8.399109D-03
      1.912746D+03          -2.434109D-02
      7.926043D+02          -6.251948D-02
      3.448065D+02          -1.365929D-01
      1.558999D+02          -2.312707D-01
      7.223091D+01          -2.383734D-01
      3.272506D+01           3.123837D-02
      1.566762D+01           5.086818D-01
      7.503483D+00           4.987695D-01
      3.312223D+00           9.033552D-02
      1.558471D+00          -6.005337D-03
      6.839140D-01           2.312454D-04
      1.467570D-01          -5.643680D-04
      7.058300D-02           4.992260D-04
      3.144900D-02          -1.015293D-04
S   20   1.00
      4.316265D+06           9.532178D-07
      6.463424D+05           7.414605D-06
      1.470897D+05           3.898393D-05
      4.166152D+04           1.647152D-04
      1.359077D+04           5.985980D-04
      4.905750D+03           1.942390D-03
      1.912746D+03           5.687237D-03
      7.926043D+02           1.501329D-02
      3.448065D+02           3.452455D-02
      1.558999D+02           6.495820D-02
      7.223091D+01           7.716194D-02
      3.272506D+01          -1.873411D-02
      1.566762D+01          -3.009185D-01
      7.503483D+00          -4.554661D-01
      3.312223D+00           1.286463D-01
      1.558471D+00           7.183316D-01
      6.839140D-01           4.051743D-01
      1.467570D-01           2.168227D-02
      7.058300D-02          -8.343566D-03
      3.144900D-02           3.658979D-03
S   20   1.00
      4.316265D+06          -2.063008D-07
      6.463424D+05          -1.604169D-06
      1.470897D+05          -8.438437D-06
      4.166152D+04          -3.563151D-05
      1.359077D+04          -1.295998D-04
      4.905750D+03          -4.201534D-04
      1.912746D+03          -1.231954D-03
      7.926043D+02          -3.248922D-03
      3.448065D+02          -7.493717D-03
      1.558999D+02          -1.410102D-02
      7.223091D+01          -1.691600D-02
      3.272506D+01           4.218996D-03
      1.566762D+01           6.833810D-02
      7.503483D+00           1.098201D-01
      3.312223D+00          -4.009005D-02
      1.558471D+00          -2.174739D-01
      6.839140D-01          -2.465135D-01
      1.467570D-01           2.731435D-01
      7.058300D-02           5.748321D-01
      3.144900D-02           3.012713D-01
S   20   1.00
      4.316265D+06          -4.009367D-07
      6.463424D+05          -3.189255D-06
      1.470897D+05          -1.623079D-05
      4.166152D+04          -7.157920D-05
      1.359077D+04          -2.463958D-04
      4.905750D+03          -8.544907D-04
      1.912746D+03          -2.307593D-03
      7.926043D+02          -6.728292D-03
      3.448065D+02          -1.366165D-02
      1.558999D+02          -3.062240D-02
      7.223091D+01          -2.631137D-02
      3.272506D+01          -9.760183D-03
      1.566762D+01           1.801906D-01
      7.503483D+00           1.529634D-01
      3.312223D+00           5.505413D-02
      1.558471D+00          -9.551364D-01
      6.839140D-01           2.586813D-01
      1.467570D-01           1.834049D+00
      7.058300D-02          -9.333240D-01
      3.144900D-02          -6.981605D-01
S   1   1.00
      3.144900D-02           1.000000D+00
P   16   1.00
      1.774569D+04           4.100000D-05
      4.200721D+03           3.690000D-04
      1.364429D+03           2.129000D-03
      5.220806D+02           9.369000D-03
      2.214595D+02           3.309700D-02
      1.009096D+02           9.443100D-02
      4.840115D+01           2.080770D-01
      2.398536D+01           3.323330D-01
      1.218250D+01           3.329870D-01
      6.242298D+00           1.568430D-01
      3.110944D+00           2.154900D-02
      1.509958D+00          -2.095000D-03
      7.108450D-01          -1.739000D-03
      2.731900D-01          -3.000000D-04
      1.042330D-01           2.900000D-05
      3.829100D-02          -1.100000D-05
P   16   1.00
      1.774569D+04          -1.500000D-05
      4.200721D+03          -1.300000D-04
      1.364429D+03          -7.510000D-04
      5.220806D+02          -3.329000D-03
      2.214595D+02          -1.191200D-02
      1.009096D+02          -3.493300D-02
      4.840115D+01          -7.998900D-02
      2.398536D+01          -1.346360D-01
      1.218250D+01          -1.385980D-01
      6.242298D+00           3.027800D-02
      3.110944D+00           3.332160D-01
      1.509958D+00           4.561530D-01
      7.108450D-01           2.850510D-01
      2.731900D-01           4.614400D-02
      1.042330D-01          -3.249000D-03
      3.829100D-02           1.357000D-03
P   16   1.00
      1.774569D+04           5.000000D-06
      4.200721D+03           4.200000D-05
      1.364429D+03           2.410000D-04
      5.220806D+02           1.085000D-03
      2.214595D+02           3.831000D-03
      1.009096D+02           1.142300D-02
      4.840115D+01           2.579200D-02
      2.398536D+01           4.481800D-02
      1.218250D+01           4.459800D-02
      6.242298D+00          -1.117700D-02
      3.110944D+00          -1.381340D-01
      1.509958D+00          -1.882850D-01
      7.108450D-01          -1.073990D-01
      2.731900D-01           4.448630D-01
      1.042330D-01           6.402390D-01
      3.829100D-02           6.445700D-02
P   16   1.00
      1.774569D+04           3.000000D-06
      4.200721D+03           2.900000D-05
      1.364429D+03           1.650000D-04
      5.220806D+02           7.340000D-04
      2.214595D+02           2.626000D-03
      1.009096D+02           7.725000D-03
      4.840115D+01           1.773300D-02
      2.398536D+01           3.005500D-02
      1.218250D+01           3.109400D-02
      6.242298D+00          -1.004800D-02
      3.110944D+00          -8.830600D-02
      1.509958D+00          -1.298240D-01
      7.108450D-01          -7.693700D-02
      2.731900D-01           2.126610D-01
      1.042330D-01           5.730610D-01
      3.829100D-02           3.696510D-01
P   1   1.00
      3.829100D-02           1.000000D+00
D   8   1.00
      1.133440D+02           3.530000D-03
      3.364140D+01           2.578400D-02
      1.233100D+01           9.911900D-02
      4.994780D+00           2.390730D-01
      2.072800D+00           3.571990D-01
      8.307530D-01           3.621880D-01
      3.091780D-01           2.364610D-01
      1.001300D-01           6.011800D-02
D   8   1.00
      1.133440D+02          -3.890000D-03
      3.364140D+01          -2.844200D-02
      1.233100D+01          -1.124290D-01
      4.994780D+00          -2.742570D-01
      2.072800D+00          -3.155460D-01
      8.307530D-01           5.710900D-02
      3.091780D-01           5.636040D-01
      1.001300D-01           3.846370D-01
D   1   1.00
      1.001300D-01           1.000000D+00
F   2   1.00
      3.224300D+00           4.222490D-01
      7.758000D-01           7.714680D-01
****
$end



