$molecule
-2 6
  C    2.7454702   -2.2219170    0.2805575
  C    4.0072447   -2.6826375    0.6949292
  C    5.1372095   -2.4927141   -0.1101764
  C    5.0292393   -1.8472916   -1.3533205
  C    3.7502179   -1.4482608   -1.8123703
  C    2.6089358   -1.6255914   -1.0276506
  H    4.0991384   -3.1548211    1.6769629
  O    1.3867203   -1.2252351   -1.3675109
  C    6.2070056   -1.4506844   -2.1740818
  O    6.0863760   -1.0077386   -3.3292775
  N    7.4361436   -1.5541475   -1.5766948
  H    7.4512940   -1.7469053   -0.5823517
  C    8.6214532   -0.8992794   -2.1111140
  H    9.4576462   -1.6186152   -2.1414187
  H    8.3844285   -0.6205757   -3.1467299
  C    9.0365384    0.3404986   -1.3034998
  H    9.9502049    0.7445446   -1.7718559
  H    9.3273679    0.0360189   -0.2821823
  C    7.9549797    1.4549078   -1.2159356
  H    7.0999058    1.1846753   -1.8580602
  H    8.3706558    2.3892222   -1.6257211
  N    7.4254365    1.7740280    0.1142623
  H    8.1968169    2.0721377    0.7161224
  C    5.9910985    1.1158340    2.0391811
  H    5.4776927    0.2263789    2.4464835
  H    6.7339862    1.4226675    2.7972594
  C    6.7132063    0.6772460    0.7632073
  H    7.3675948   -0.1850560    1.0181180
  H    5.9809172    0.2869120    0.0419720
  C    4.9684627    2.2458370    1.8435530
  H    4.3765800    2.3672711    2.7659597
  H    5.4969717    3.1976292    1.6704623
  C    4.0110197    1.9653775    0.6767552
  H    3.8439295    0.8855605    0.5763524
  H    4.4617257    2.3177307   -0.2661845
  N    2.6878889    2.5641705    0.8191831
  H    2.5932514    3.5561995    0.6291284
  C    1.5503585    1.8160538    0.7390086
  O    1.6580112    0.5542522    0.8072945
  C    0.2911253    2.4993629    0.5787560
  H    0.2424250    3.5716786    0.7710188
  C   -2.1516927    2.5882509   -0.0078294
  H   -2.7691522    2.1979489    0.8204210
  H   -2.0157995    3.6671511    0.1323322
  C   -2.8920834    2.3589695   -1.3201214
  O   -3.0189168    3.2564972   -2.1615277
  N   -3.3896632    1.1071347   -1.4772304
  C   -3.8932860    0.6144626   -2.7543285
  H   -3.0803159    0.4116952   -0.8011105
  C   -5.3872824    0.2877411   -2.7358154
  H   -3.3174098   -0.2866065   -3.0233487
  H   -3.6824505    1.3911631   -3.5036197
  C   -6.2800058    1.5013446   -2.4720495
  H   -5.6493402   -0.1517533   -3.7160297
  H   -5.5799648   -0.4918722   -1.9813377
  C   -7.7768755    1.1471275   -2.4512367
  H   -6.1065614    2.2642910   -3.2525263
  H   -5.9927444    1.9647685   -1.5130088
  H   -8.3685914    2.0788618   -2.4087724
  H   -8.0361210    0.6538189   -3.4056491
  C   -6.1327860   -1.7197139    0.6856560
  C   -4.7315795   -1.5153957    1.1345525
  O   -6.4022493   -2.0887430   -0.4771238
  C   -4.3964637   -0.8717350    2.3380328
  C   -3.6893512   -1.9382253    0.2714141
  C   -3.0582407   -0.6504094    2.6835949
  C   -2.3484165   -1.7258243    0.5925640
  C   -2.0153467   -1.0577588    1.8321836
  H   -2.8051352   -0.1270915    3.6096934
  O   -1.3227811   -2.0737683   -0.1827722
  C   -0.8170361    1.8457580    0.0655817
  O   -0.8417292    0.6319679   -0.3633113
  H    3.6716266   -0.9407928   -2.7754753
  O    1.6562858   -2.2684560    1.0265740
  H   -3.9488716   -2.4280384   -0.6686523
  O   -0.7375268   -0.8489059    2.0721585
 Fe    0.2786817   -0.9829811    0.3015982
  N   -8.2398648    0.2798547   -1.3648552
  H   -7.7034729   -0.5922501   -1.3758231
  N   -7.1254460   -1.4832755    1.5892336
  H   -6.8686053   -1.1568068    2.5123491
  C   -8.5220998   -1.3434884    1.2084546
  H   -8.6626981   -1.9122922    0.2798475
  H   -9.1512347   -1.8078399    1.9835286
  C   -8.9378243    0.1220747    1.0083721
  H   -9.9997850    0.1391859    0.7078964
  H   -8.8602157    0.6537341    1.9735674
  C   -8.1064038    0.8739111   -0.0334300
  H   -8.4709934    1.9143034   -0.0884218
  H   -7.0546759    0.9356706    0.3169960
  H   -5.1673939   -0.4975248    3.0148621
  H    6.1031801   -2.8402913    0.2620190
$end

$rem
   BASIS  =  gen
   DFT_D  =  D3_BJ
   GUI  =  2
   JOB_TYPE  =  Optimization
   METHOD  =  B3LYP
   SCF_CONVERGENCE  =  8
   SOLVENT_METHOD  =  PCM
 GEOM_OPT_MAX_CYCLES = 200
$end

$pcm
   THEORY  CPCM
$end

$solvent
   DIELECTRIC  78.39
$end

$van_der_waals
     26   2.44
$end

!----------------------------------------------------------------------
! Basis Set Exchange
! Basis set: cc-pVDZ
!----------------------------------------------------------------------

$rem
    BASIS GEN
    PURECART 11
$end

$basis
H     0
S   4   1.00
      1.301000D+01           1.968500D-02
      1.962000D+00           1.379770D-01
      4.446000D-01           4.781480D-01
      1.220000D-01           5.012400D-01
S   1   1.00
      1.220000D-01           1.000000D+00
P   1   1.00
      7.270000D-01           1.0000000
****
C     0
S   9   1.00
      6.665000D+03           6.920000D-04
      1.000000D+03           5.329000D-03
      2.280000D+02           2.707700D-02
      6.471000D+01           1.017180D-01
      2.106000D+01           2.747400D-01
      7.495000D+00           4.485640D-01
      2.797000D+00           2.850740D-01
      5.215000D-01           1.520400D-02
      1.596000D-01          -3.191000D-03
S   9   1.00
      6.665000D+03          -1.460000D-04
      1.000000D+03          -1.154000D-03
      2.280000D+02          -5.725000D-03
      6.471000D+01          -2.331200D-02
      2.106000D+01          -6.395500D-02
      7.495000D+00          -1.499810D-01
      2.797000D+00          -1.272620D-01
      5.215000D-01           5.445290D-01
      1.596000D-01           5.804960D-01
S   1   1.00
      1.596000D-01           1.000000D+00
P   4   1.00
      9.439000D+00           3.810900D-02
      2.002000D+00           2.094800D-01
      5.456000D-01           5.085570D-01
      1.517000D-01           4.688420D-01
P   1   1.00
      1.517000D-01           1.000000D+00
D   1   1.00
      5.500000D-01           1.0000000
****
N     0
S   9   1.00
      9.046000D+03           7.000000D-04
      1.357000D+03           5.389000D-03
      3.093000D+02           2.740600D-02
      8.773000D+01           1.032070D-01
      2.856000D+01           2.787230D-01
      1.021000D+01           4.485400D-01
      3.838000D+00           2.782380D-01
      7.466000D-01           1.544000D-02
      2.248000D-01          -2.864000D-03
S   9   1.00
      9.046000D+03          -1.530000D-04
      1.357000D+03          -1.208000D-03
      3.093000D+02          -5.992000D-03
      8.773000D+01          -2.454400D-02
      2.856000D+01          -6.745900D-02
      1.021000D+01          -1.580780D-01
      3.838000D+00          -1.218310D-01
      7.466000D-01           5.490030D-01
      2.248000D-01           5.788150D-01
S   1   1.00
      2.248000D-01           1.000000D+00
P   4   1.00
      1.355000D+01           3.991900D-02
      2.917000D+00           2.171690D-01
      7.973000D-01           5.103190D-01
      2.185000D-01           4.622140D-01
P   1   1.00
      2.185000D-01           1.000000D+00
D   1   1.00
      8.170000D-01           1.0000000
****
O     0
S   9   1.00
      1.172000D+04           7.100000D-04
      1.759000D+03           5.470000D-03
      4.008000D+02           2.783700D-02
      1.137000D+02           1.048000D-01
      3.703000D+01           2.830620D-01
      1.327000D+01           4.487190D-01
      5.025000D+00           2.709520D-01
      1.013000D+00           1.545800D-02
      3.023000D-01          -2.585000D-03
S   9   1.00
      1.172000D+04          -1.600000D-04
      1.759000D+03          -1.263000D-03
      4.008000D+02          -6.267000D-03
      1.137000D+02          -2.571600D-02
      3.703000D+01          -7.092400D-02
      1.327000D+01          -1.654110D-01
      5.025000D+00          -1.169550D-01
      1.013000D+00           5.573680D-01
      3.023000D-01           5.727590D-01
S   1   1.00
      3.023000D-01           1.000000D+00
P   4   1.00
      1.770000D+01           4.301800D-02
      3.854000D+00           2.289130D-01
      1.046000D+00           5.087280D-01
      2.753000D-01           4.605310D-01
P   1   1.00
      2.753000D-01           1.000000D+00
D   1   1.00
      1.185000D+00           1.0000000
****
Fe     0
S   20   1.00
      4.316265D+06           8.048803D-06
      6.463424D+05           6.258306D-05
      1.470897D+05           3.290239D-04
      4.166152D+04           1.387355D-03
      1.359077D+04           5.023256D-03
      4.905750D+03           1.610140D-02
      1.912746D+03           4.590034D-02
      7.926043D+02           1.136154D-01
      3.448065D+02           2.283869D-01
      1.558999D+02           3.221159D-01
      7.223091D+01           2.383661D-01
      3.272506D+01           7.404667D-02
      1.566762D+01           9.214197D-02
      7.503483D+00           9.339790D-02
      3.312223D+00           1.573965D-02
      1.558471D+00          -4.186682D-04
      6.839140D-01           5.376318D-05
      1.467570D-01          -3.816654D-05
      7.058300D-02           4.319603D-05
      3.144900D-02          -3.401019D-06
S   20   1.00
      4.316265D+06          -4.155954D-06
      6.463424D+05          -3.231401D-05
      1.470897D+05          -1.699525D-04
      4.166152D+04          -7.171369D-04
      1.359077D+04          -2.603625D-03
      4.905750D+03          -8.399109D-03
      1.912746D+03          -2.434109D-02
      7.926043D+02          -6.251948D-02
      3.448065D+02          -1.365929D-01
      1.558999D+02          -2.312707D-01
      7.223091D+01          -2.383734D-01
      3.272506D+01           3.123837D-02
      1.566762D+01           5.086818D-01
      7.503483D+00           4.987695D-01
      3.312223D+00           9.033552D-02
      1.558471D+00          -6.005337D-03
      6.839140D-01           2.312454D-04
      1.467570D-01          -5.643680D-04
      7.058300D-02           4.992260D-04
      3.144900D-02          -1.015293D-04
S   20   1.00
      4.316265D+06           9.532178D-07
      6.463424D+05           7.414605D-06
      1.470897D+05           3.898393D-05
      4.166152D+04           1.647152D-04
      1.359077D+04           5.985980D-04
      4.905750D+03           1.942390D-03
      1.912746D+03           5.687237D-03
      7.926043D+02           1.501329D-02
      3.448065D+02           3.452455D-02
      1.558999D+02           6.495820D-02
      7.223091D+01           7.716194D-02
      3.272506D+01          -1.873411D-02
      1.566762D+01          -3.009185D-01
      7.503483D+00          -4.554661D-01
      3.312223D+00           1.286463D-01
      1.558471D+00           7.183316D-01
      6.839140D-01           4.051743D-01
      1.467570D-01           2.168227D-02
      7.058300D-02          -8.343566D-03
      3.144900D-02           3.658979D-03
S   20   1.00
      4.316265D+06          -2.063008D-07
      6.463424D+05          -1.604169D-06
      1.470897D+05          -8.438437D-06
      4.166152D+04          -3.563151D-05
      1.359077D+04          -1.295998D-04
      4.905750D+03          -4.201534D-04
      1.912746D+03          -1.231954D-03
      7.926043D+02          -3.248922D-03
      3.448065D+02          -7.493717D-03
      1.558999D+02          -1.410102D-02
      7.223091D+01          -1.691600D-02
      3.272506D+01           4.218996D-03
      1.566762D+01           6.833810D-02
      7.503483D+00           1.098201D-01
      3.312223D+00          -4.009005D-02
      1.558471D+00          -2.174739D-01
      6.839140D-01          -2.465135D-01
      1.467570D-01           2.731435D-01
      7.058300D-02           5.748321D-01
      3.144900D-02           3.012713D-01
S   20   1.00
      4.316265D+06          -4.009367D-07
      6.463424D+05          -3.189255D-06
      1.470897D+05          -1.623079D-05
      4.166152D+04          -7.157920D-05
      1.359077D+04          -2.463958D-04
      4.905750D+03          -8.544907D-04
      1.912746D+03          -2.307593D-03
      7.926043D+02          -6.728292D-03
      3.448065D+02          -1.366165D-02
      1.558999D+02          -3.062240D-02
      7.223091D+01          -2.631137D-02
      3.272506D+01          -9.760183D-03
      1.566762D+01           1.801906D-01
      7.503483D+00           1.529634D-01
      3.312223D+00           5.505413D-02
      1.558471D+00          -9.551364D-01
      6.839140D-01           2.586813D-01
      1.467570D-01           1.834049D+00
      7.058300D-02          -9.333240D-01
      3.144900D-02          -6.981605D-01
S   1   1.00
      3.144900D-02           1.000000D+00
P   16   1.00
      1.774569D+04           4.100000D-05
      4.200721D+03           3.690000D-04
      1.364429D+03           2.129000D-03
      5.220806D+02           9.369000D-03
      2.214595D+02           3.309700D-02
      1.009096D+02           9.443100D-02
      4.840115D+01           2.080770D-01
      2.398536D+01           3.323330D-01
      1.218250D+01           3.329870D-01
      6.242298D+00           1.568430D-01
      3.110944D+00           2.154900D-02
      1.509958D+00          -2.095000D-03
      7.108450D-01          -1.739000D-03
      2.731900D-01          -3.000000D-04
      1.042330D-01           2.900000D-05
      3.829100D-02          -1.100000D-05
P   16   1.00
      1.774569D+04          -1.500000D-05
      4.200721D+03          -1.300000D-04
      1.364429D+03          -7.510000D-04
      5.220806D+02          -3.329000D-03
      2.214595D+02          -1.191200D-02
      1.009096D+02          -3.493300D-02
      4.840115D+01          -7.998900D-02
      2.398536D+01          -1.346360D-01
      1.218250D+01          -1.385980D-01
      6.242298D+00           3.027800D-02
      3.110944D+00           3.332160D-01
      1.509958D+00           4.561530D-01
      7.108450D-01           2.850510D-01
      2.731900D-01           4.614400D-02
      1.042330D-01          -3.249000D-03
      3.829100D-02           1.357000D-03
P   16   1.00
      1.774569D+04           5.000000D-06
      4.200721D+03           4.200000D-05
      1.364429D+03           2.410000D-04
      5.220806D+02           1.085000D-03
      2.214595D+02           3.831000D-03
      1.009096D+02           1.142300D-02
      4.840115D+01           2.579200D-02
      2.398536D+01           4.481800D-02
      1.218250D+01           4.459800D-02
      6.242298D+00          -1.117700D-02
      3.110944D+00          -1.381340D-01
      1.509958D+00          -1.882850D-01
      7.108450D-01          -1.073990D-01
      2.731900D-01           4.448630D-01
      1.042330D-01           6.402390D-01
      3.829100D-02           6.445700D-02
P   16   1.00
      1.774569D+04           3.000000D-06
      4.200721D+03           2.900000D-05
      1.364429D+03           1.650000D-04
      5.220806D+02           7.340000D-04
      2.214595D+02           2.626000D-03
      1.009096D+02           7.725000D-03
      4.840115D+01           1.773300D-02
      2.398536D+01           3.005500D-02
      1.218250D+01           3.109400D-02
      6.242298D+00          -1.004800D-02
      3.110944D+00          -8.830600D-02
      1.509958D+00          -1.298240D-01
      7.108450D-01          -7.693700D-02
      2.731900D-01           2.126610D-01
      1.042330D-01           5.730610D-01
      3.829100D-02           3.696510D-01
P   1   1.00
      3.829100D-02           1.000000D+00
D   8   1.00
      1.133440D+02           3.530000D-03
      3.364140D+01           2.578400D-02
      1.233100D+01           9.911900D-02
      4.994780D+00           2.390730D-01
      2.072800D+00           3.571990D-01
      8.307530D-01           3.621880D-01
      3.091780D-01           2.364610D-01
      1.001300D-01           6.011800D-02
D   8   1.00
      1.133440D+02          -3.890000D-03
      3.364140D+01          -2.844200D-02
      1.233100D+01          -1.124290D-01
      4.994780D+00          -2.742570D-01
      2.072800D+00          -3.155460D-01
      8.307530D-01           5.710900D-02
      3.091780D-01           5.636040D-01
      1.001300D-01           3.846370D-01
D   1   1.00
      1.001300D-01           1.000000D+00
F   2   1.00
      3.224300D+00           4.222490D-01
      7.758000D-01           7.714680D-01
****
$end


