$molecule
-2 6
  C    3.3366900   -1.2611272   -1.7357200
  C    4.6526782   -1.6048935   -1.4348804
  C    5.7138899   -1.3066737   -2.3246995
  C    5.4186092   -0.6705751   -3.5410565
  C    4.1017104   -0.3294098   -3.8715025
  C    3.0438758   -0.5860911   -2.9763036
  H    4.8350243   -2.0436806   -0.4524259
  O    1.7901816   -0.2226327   -3.1701589
  C    7.1313456   -1.4751760   -1.9130381
  O    8.0601360   -0.8439303   -2.4415255
  N    7.3642850   -2.3449775   -0.8706775
  H    6.5391331   -2.8127966   -0.5120871
  C    8.3636876   -2.0526095    0.1552560
  H    8.8102038   -2.9951521    0.5082725
  H    9.1600858   -1.4619311   -0.3205833
  C    7.7241915   -1.2917581    1.3274346
  H    8.4179408   -1.2854941    2.1865485
  H    6.8268478   -1.8490379    1.6492494
  C    7.3344512    0.1526823    0.9656361
  H    6.9238793    0.1810154   -0.0555827
  H    8.2505349    0.7696394    0.9488549
  N    6.3474281    0.7971560    1.8317527
  H    6.5983177    0.6450530    2.8117016
  C    3.9722970    1.2343333    2.3830315
  H    2.9506660    0.8668008    2.1839509
  H    4.1458382    1.1012466    3.4660635
  C    4.9670342    0.3605604    1.6100509
  H    4.7910222   -0.7046399    1.8707209
  H    4.7683284    0.4369858    0.5279903
  C    4.0712295    2.7247261    2.0361636
  H    3.5428145    3.3273599    2.7947335
  H    5.1325726    3.0171908    2.0708944
  C    3.5187077    3.0919823    0.6530547
  H    3.8453105    2.3670835   -0.1044151
  H    3.9068628    4.0798477    0.3547287
  N    2.0635650    3.1508626    0.6032855
  H    1.6244404    3.9869687    0.9722517
  C    1.2660832    2.3019673   -0.0991942
  O    1.7888811    1.2743786   -0.6396412
  C   -0.1310100    2.6245471   -0.1763424
  H   -0.5071498    3.4425984    0.4399273
  C   -2.4967771    2.3053594   -0.8752779
  H   -2.8586026    1.7747778    0.0208912
  H   -2.6251983    3.3824605   -0.6985870
  C   -3.3347860    1.9235008   -2.0824815
  O   -3.4349408    2.6681281   -3.0654582
  N   -3.9659385    0.7307890   -1.9817024
  C   -4.8975118    0.2124541   -2.9715076
  H   -3.8063703    0.1641137   -1.1526345
  C   -6.2868538    0.0028492   -2.3609985
  H   -4.5112147   -0.7400408   -3.3684464
  H   -4.9239111    0.9418200   -3.7933605
  C   -6.9555455    1.3104587   -1.9294689
  H   -6.9220120   -0.5281910   -3.0917289
  H   -6.1802071   -0.6724402   -1.4956967
  C   -8.1029474    1.1220878   -0.9233310
  H   -7.3416278    1.8432118   -2.8167195
  H   -6.1965652    1.9737432   -1.4818005
  H   -8.5831262    2.1032608   -0.7525394
  H   -8.8751812    0.4671985   -1.3645194
  C   -5.1576835   -1.6980516    1.0092352
  C   -3.9033820   -2.5236874   -0.9510995
  O   -6.2336701   -2.1142999    0.5284315
  C   -3.8731139   -1.8464723    0.2778404
  C   -2.7783539   -2.5637312   -1.7799044
  C   -2.6532349   -1.2546089    0.7044426
  C   -1.5886351   -1.9164843   -1.4024808
  C   -1.5094696   -1.3016585   -0.0953494
  H   -2.5695127   -0.7155071    1.6516640
  O   -0.5264354   -1.8071139   -2.1727820
  C   -1.0124518    1.9667531   -1.0200349
  O   -0.7069053    1.0581764   -1.8816561
  H    3.8779364    0.1778218   -4.8145394
  O    2.3134064   -1.4739257   -0.9155869
  H   -2.8241554   -3.0501307   -2.7581593
  O   -0.3410393   -0.7633219    0.2344437
 Fe    0.7278579   -0.3907824   -1.4405395
  N   -7.7481865    0.5598583    0.3843151
  H   -7.4510305   -0.4129468    0.2691892
  N   -5.1321105   -1.0612990    2.2142540
  H   -4.2537159   -0.6605192    2.5203590
  C   -6.3397049   -0.5573288    2.8531931
  H   -7.1739268   -1.1725947    2.4930696
  H   -6.2551094   -0.7079851    3.9407872
  C   -6.6019184    0.9285399    2.5594160
  H   -7.5495916    1.2061082    3.0527166
  H   -5.8026690    1.5336930    3.0231020
  C   -6.6772648    1.2832950    1.0726332
  H   -6.8837120    2.3641312    0.9840348
  H   -5.6803288    1.1233396    0.6122652
  H   -4.8414039   -2.9802498   -1.2661543
  H    6.2403248   -0.4202543   -4.2144621
$end

$rem
BASIS  =  gen
CIS_N_ROOTS  =  100
EXCHANGE  =  CAM-B3LYP
GUI  =  2
JOB_TYPE  =  SP
NTO_PAIRS  =  2
SCF_CONVERGENCE  =  8
SOLVENT_METHOD  =  PCM
UNRESTRICTED  =  1
BASIS GEN
PURECART 11
MEM_TOTAL  =  30000
$end

$pcm
THEORY  CPCM
$end

$solvent
DIELECTRIC  78.39
$end

$van_der_waals
26   2.44
$end

!----------------------------------------------------------------------
! Basis Set Exchange
! Basis set: aug-cc-pVDZ
!----------------------------------------------------------------------

$basis
H     0
S   4   1.00
1.301000D+01           1.968500D-02
1.962000D+00           1.379770D-01
4.446000D-01           4.781480D-01
1.220000D-01           5.012400D-01
S   1   1.00
1.220000D-01           1.000000D+00
S   1   1.00
0.0297400              1.0000000
P   1   1.00
7.270000D-01           1.0000000
P   1   1.00
0.1410000              1.0000000
****
C     0
S   9   1.00
6.665000D+03           6.920000D-04
1.000000D+03           5.329000D-03
2.280000D+02           2.707700D-02
6.471000D+01           1.017180D-01
2.106000D+01           2.747400D-01
7.495000D+00           4.485640D-01
2.797000D+00           2.850740D-01
5.215000D-01           1.520400D-02
1.596000D-01          -3.191000D-03
S   9   1.00
6.665000D+03          -1.460000D-04
1.000000D+03          -1.154000D-03
2.280000D+02          -5.725000D-03
6.471000D+01          -2.331200D-02
2.106000D+01          -6.395500D-02
7.495000D+00          -1.499810D-01
2.797000D+00          -1.272620D-01
5.215000D-01           5.445290D-01
1.596000D-01           5.804960D-01
S   1   1.00
1.596000D-01           1.000000D+00
S   1   1.00
0.0469000              1.0000000
P   4   1.00
9.439000D+00           3.810900D-02
2.002000D+00           2.094800D-01
5.456000D-01           5.085570D-01
1.517000D-01           4.688420D-01
P   1   1.00
1.517000D-01           1.000000D+00
P   1   1.00
0.0404100              1.0000000
D   1   1.00
5.500000D-01           1.0000000
D   1   1.00
0.1510000              1.0000000
****
N     0
S   9   1.00
9.046000D+03           7.000000D-04
1.357000D+03           5.389000D-03
3.093000D+02           2.740600D-02
8.773000D+01           1.032070D-01
2.856000D+01           2.787230D-01
1.021000D+01           4.485400D-01
3.838000D+00           2.782380D-01
7.466000D-01           1.544000D-02
2.248000D-01          -2.864000D-03
S   9   1.00
9.046000D+03          -1.530000D-04
1.357000D+03          -1.208000D-03
3.093000D+02          -5.992000D-03
8.773000D+01          -2.454400D-02
2.856000D+01          -6.745900D-02
1.021000D+01          -1.580780D-01
3.838000D+00          -1.218310D-01
7.466000D-01           5.490030D-01
2.248000D-01           5.788150D-01
S   1   1.00
2.248000D-01           1.000000D+00
S   1   1.00
0.0612400              1.0000000
P   4   1.00
1.355000D+01           3.991900D-02
2.917000D+00           2.171690D-01
7.973000D-01           5.103190D-01
2.185000D-01           4.622140D-01
P   1   1.00
2.185000D-01           1.000000D+00
P   1   1.00
0.0561100              1.0000000
D   1   1.00
8.170000D-01           1.0000000
D   1   1.00
0.2300000              1.0000000
****
O     0
S   9   1.00
1.172000D+04           7.100000D-04
1.759000D+03           5.470000D-03
4.008000D+02           2.783700D-02
1.137000D+02           1.048000D-01
3.703000D+01           2.830620D-01
1.327000D+01           4.487190D-01
5.025000D+00           2.709520D-01
1.013000D+00           1.545800D-02
3.023000D-01          -2.585000D-03
S   9   1.00
1.172000D+04          -1.600000D-04
1.759000D+03          -1.263000D-03
4.008000D+02          -6.267000D-03
1.137000D+02          -2.571600D-02
3.703000D+01          -7.092400D-02
1.327000D+01          -1.654110D-01
5.025000D+00          -1.169550D-01
1.013000D+00           5.573680D-01
3.023000D-01           5.727590D-01
S   1   1.00
3.023000D-01           1.000000D+00
S   1   1.00
0.0789600              1.0000000
P   4   1.00
1.770000D+01           4.301800D-02
3.854000D+00           2.289130D-01
1.046000D+00           5.087280D-01
2.753000D-01           4.605310D-01
P   1   1.00
2.753000D-01           1.000000D+00
P   1   1.00
0.0685600              1.0000000
D   1   1.00
1.185000D+00           1.0000000
D   1   1.00
0.3320000              1.0000000
****
Fe     0
S   20   1.00
4.316265D+06           8.048803D-06
6.463424D+05           6.258306D-05
1.470897D+05           3.290239D-04
4.166152D+04           1.387355D-03
1.359077D+04           5.023256D-03
4.905750D+03           1.610140D-02
1.912746D+03           4.590034D-02
7.926043D+02           1.136154D-01
3.448065D+02           2.283869D-01
1.558999D+02           3.221159D-01
7.223091D+01           2.383661D-01
3.272506D+01           7.404667D-02
1.566762D+01           9.214197D-02
7.503483D+00           9.339790D-02
3.312223D+00           1.573965D-02
1.558471D+00          -4.186682D-04
6.839140D-01           5.376318D-05
1.467570D-01          -3.816654D-05
7.058300D-02           4.319603D-05
3.144900D-02          -3.401019D-06
S   20   1.00
4.316265D+06          -4.155954D-06
6.463424D+05          -3.231401D-05
1.470897D+05          -1.699525D-04
4.166152D+04          -7.171369D-04
1.359077D+04          -2.603625D-03
4.905750D+03          -8.399109D-03
1.912746D+03          -2.434109D-02
7.926043D+02          -6.251948D-02
3.448065D+02          -1.365929D-01
1.558999D+02          -2.312707D-01
7.223091D+01          -2.383734D-01
3.272506D+01           3.123837D-02
1.566762D+01           5.086818D-01
7.503483D+00           4.987695D-01
3.312223D+00           9.033552D-02
1.558471D+00          -6.005337D-03
6.839140D-01           2.312454D-04
1.467570D-01          -5.643680D-04
7.058300D-02           4.992260D-04
3.144900D-02          -1.015293D-04
S   20   1.00
4.316265D+06           9.532178D-07
6.463424D+05           7.414605D-06
1.470897D+05           3.898393D-05
4.166152D+04           1.647152D-04
1.359077D+04           5.985980D-04
4.905750D+03           1.942390D-03
1.912746D+03           5.687237D-03
7.926043D+02           1.501329D-02
3.448065D+02           3.452455D-02
1.558999D+02           6.495820D-02
7.223091D+01           7.716194D-02
3.272506D+01          -1.873411D-02
1.566762D+01          -3.009185D-01
7.503483D+00          -4.554661D-01
3.312223D+00           1.286463D-01
1.558471D+00           7.183316D-01
6.839140D-01           4.051743D-01
1.467570D-01           2.168227D-02
7.058300D-02          -8.343566D-03
3.144900D-02           3.658979D-03
S   20   1.00
4.316265D+06          -2.063008D-07
6.463424D+05          -1.604169D-06
1.470897D+05          -8.438437D-06
4.166152D+04          -3.563151D-05
1.359077D+04          -1.295998D-04
4.905750D+03          -4.201534D-04
1.912746D+03          -1.231954D-03
7.926043D+02          -3.248922D-03
3.448065D+02          -7.493717D-03
1.558999D+02          -1.410102D-02
7.223091D+01          -1.691600D-02
3.272506D+01           4.218996D-03
1.566762D+01           6.833810D-02
7.503483D+00           1.098201D-01
3.312223D+00          -4.009005D-02
1.558471D+00          -2.174739D-01
6.839140D-01          -2.465135D-01
1.467570D-01           2.731435D-01
7.058300D-02           5.748321D-01
3.144900D-02           3.012713D-01
S   20   1.00
4.316265D+06          -4.009367D-07
6.463424D+05          -3.189255D-06
1.470897D+05          -1.623079D-05
4.166152D+04          -7.157920D-05
1.359077D+04          -2.463958D-04
4.905750D+03          -8.544907D-04
1.912746D+03          -2.307593D-03
7.926043D+02          -6.728292D-03
3.448065D+02          -1.366165D-02
1.558999D+02          -3.062240D-02
7.223091D+01          -2.631137D-02
3.272506D+01          -9.760183D-03
1.566762D+01           1.801906D-01
7.503483D+00           1.529634D-01
3.312223D+00           5.505413D-02
1.558471D+00          -9.551364D-01
6.839140D-01           2.586813D-01
1.467570D-01           1.834049D+00
7.058300D-02          -9.333240D-01
3.144900D-02          -6.981605D-01
S   1   1.00
3.144900D-02           1.000000D+00
S   1   1.00
1.401000D-02           1.000000D+00
P   16   1.00
1.774569D+04           4.100000D-05
4.200721D+03           3.690000D-04
1.364429D+03           2.129000D-03
5.220806D+02           9.369000D-03
2.214595D+02           3.309700D-02
1.009096D+02           9.443100D-02
4.840115D+01           2.080770D-01
2.398536D+01           3.323330D-01
1.218250D+01           3.329870D-01
6.242298D+00           1.568430D-01
3.110944D+00           2.154900D-02
1.509958D+00          -2.095000D-03
7.108450D-01          -1.739000D-03
2.731900D-01          -3.000000D-04
1.042330D-01           2.900000D-05
3.829100D-02          -1.100000D-05
P   16   1.00
1.774569D+04          -1.500000D-05
4.200721D+03          -1.300000D-04
1.364429D+03          -7.510000D-04
5.220806D+02          -3.329000D-03
2.214595D+02          -1.191200D-02
1.009096D+02          -3.493300D-02
4.840115D+01          -7.998900D-02
2.398536D+01          -1.346360D-01
1.218250D+01          -1.385980D-01
6.242298D+00           3.027800D-02
3.110944D+00           3.332160D-01
1.509958D+00           4.561530D-01
7.108450D-01           2.850510D-01
2.731900D-01           4.614400D-02
1.042330D-01          -3.249000D-03
3.829100D-02           1.357000D-03
P   16   1.00
1.774569D+04           5.000000D-06
4.200721D+03           4.200000D-05
1.364429D+03           2.410000D-04
5.220806D+02           1.085000D-03
2.214595D+02           3.831000D-03
1.009096D+02           1.142300D-02
4.840115D+01           2.579200D-02
2.398536D+01           4.481800D-02
1.218250D+01           4.459800D-02
6.242298D+00          -1.117700D-02
3.110944D+00          -1.381340D-01
1.509958D+00          -1.882850D-01
7.108450D-01          -1.073990D-01
2.731900D-01           4.448630D-01
1.042330D-01           6.402390D-01
3.829100D-02           6.445700D-02
P   16   1.00
1.774569D+04           3.000000D-06
4.200721D+03           2.900000D-05
1.364429D+03           1.650000D-04
5.220806D+02           7.340000D-04
2.214595D+02           2.626000D-03
1.009096D+02           7.725000D-03
4.840115D+01           1.773300D-02
2.398536D+01           3.005500D-02
1.218250D+01           3.109400D-02
6.242298D+00          -1.004800D-02
3.110944D+00          -8.830600D-02
1.509958D+00          -1.298240D-01
7.108450D-01          -7.693700D-02
2.731900D-01           2.126610D-01
1.042330D-01           5.730610D-01
3.829100D-02           3.696510D-01
P   1   1.00
3.829100D-02           1.000000D+00
P   1   1.00
1.407000D-02           1.000000D+00
D   8   1.00
1.133440D+02           3.530000D-03
3.364140D+01           2.578400D-02
1.233100D+01           9.911900D-02
4.994780D+00           2.390730D-01
2.072800D+00           3.571990D-01
8.307530D-01           3.621880D-01
3.091780D-01           2.364610D-01
1.001300D-01           6.011800D-02
D   8   1.00
1.133440D+02          -3.890000D-03
3.364140D+01          -2.844200D-02
1.233100D+01          -1.124290D-01
4.994780D+00          -2.742570D-01
2.072800D+00          -3.155460D-01
8.307530D-01           5.710900D-02
3.091780D-01           5.636040D-01
1.001300D-01           3.846370D-01
D   1   1.00
1.001300D-01           1.000000D+00
D   1   1.00
3.243000D-02           1.000000D+00
F   2   1.00
3.224300D+00           4.222490D-01
7.758000D-01           7.714680D-01
F   1   1.00
2.749000D-01           1.000000D+00
****
$end


